更新时间---2018-12-19
---全部比赛------------------------------
win
49.0
维萨吉[55.3791, 49860, 423.19, 528.06, 3.04, 8.52, 6.58, 11.5, 524.5, 10.28, 174.04, '&server=all&skill=all&ladder=all', '2018-12-14']
孽主[54.651, 146387, 409.53, 495.61, 2.74, 4.37, 7.02, 14.83, 545.83, 40.19, 83.26, '&server=all&skill=all&ladder=all', '2018-12-14']
哈斯卡[53.8791, 527694, 455.87, 547.37, 2.17, 10.86, 9.0, 8.66, 743.24, 0.56, 130.41, '&server=all&skill=all&ladder=all', '2018-12-14']
复仇之魂[53.7557, 240341, 324.37, 428.48, 2.23, 4.29, 8.89, 15.57, 340.46, 5.0, 39.86, '&server=all&skill=all&ladder=all', '2018-12-14']
不朽尸王[53.7348, 261369, 322.74, 424.34, 2.82, 5.12, 8.26, 18.16, 372.58, 59.11, 19.18, '&server=all&skill=all&ladder=all', '2018-12-14']
主宰[53.593, 1092732, 547.39, 617.7, 3.21, 9.37, 5.82, 9.3, 625.23, 119.37, 139.58, '&server=all&skill=all&ladder=all', '2018-12-14']
斯拉克[53.5205, 1060498, 481.85, 596.84, 2.83, 10.51, 7.09, 9.56, 572.66, 0.19, 105.6, '&server=all&skill=all&ladder=all', '2018-12-14']
戴泽[53.4202, 766854, 341.6, 435.76, 2.39, 4.83, 8.39, 15.2, 371.35, 174.81, 38.23, '&server=all&skill=all&ladder=all', '2018-12-14']
露娜[53.2363, 348612, 529.48, 594.59, 2.58, 7.45, 6.94, 10.46, 567.93, 0.43, 173.11, '&server=all&skill=all&ladder=all', '2018-12-14']
混沌骑士[53.091, 243403, 450.89, 542.96, 2.94, 8.79, 6.67, 10.8, 541.79, 0.64, 94.78, '&server=all&skill=all&ladder=all', '2018-12-14']
----------------
艾欧[39.9487, 54530, 258.28, 394.08, 1.84, 2.21, 9.25, 14.84, 203.35, 211.98, 13.52, '&server=all&skill=all&ladder=all', '2018-12-14']
德鲁伊[41.4485, 82652, 457.31, 513.01, 2.72, 5.71, 5.36, 8.84, 458.55, 2.47, 153.0, '&server=all&skill=all&ladder=all', '2018-12-14']
矮人直升机[42.9736, 91291, 445.13, 523.34, 2.48, 7.95, 8.17, 12.33, 602.37, 0.75, 65.72, '&server=all&skill=all&ladder=all', '2018-12-14']
莉娜[42.9831, 340594, 443.62, 538.32, 2.21, 9.19, 8.29, 9.12, 559.51, 1.07, 73.09, '&server=all&skill=all&ladder=all', '2018-12-14']
帕克[43.276, 114620, 448.43, 546.4, 2.71, 8.66, 7.86, 12.66, 581.59, 1.47, 38.64, '&server=all&skill=all&ladder=all', '2018-12-14']
use
357870.0
帕吉[52.844, 1843832, 352.13, 497.09, 2.44, 7.42, 9.11, 14.86, 469.82, 4.59, 15.83, '&server=all&skill=all&ladder=all', '2018-12-14']
幻影刺客[51.7754, 1664288, 516.68, 607.68, 2.85, 10.47, 7.06, 9.68, 675.54, 2.8, 86.7, '&server=all&skill=all&ladder=all', '2018-12-14']
莱恩[50.4498, 1584634, 322.87, 441.8, 2.03, 6.65, 9.27, 12.12, 351.73, 1.61, 14.6, '&server=all&skill=all&ladder=all', '2018-12-14']
主宰[53.593, 1092732, 547.39, 617.7, 3.21, 9.37, 5.82, 9.3, 625.23, 119.37, 139.58, '&server=all&skill=all&ladder=all', '2018-12-14']
祈求者[48.2703, 1081162, 458.85, 567.94, 3.1, 9.19, 6.68, 11.51, 629.9, 0.41, 76.28, '&server=all&skill=all&ladder=all', '2018-12-14']
斯拉克[53.5205, 1060498, 481.85, 596.84, 2.83, 10.51, 7.09, 9.56, 572.66, 0.19, 105.6, '&server=all&skill=all&ladder=all', '2018-12-14']
狙击手[47.4711, 956920, 483.73, 552.98, 2.75, 9.38, 7.72, 11.85, 705.8, 0.27, 91.53, '&server=all&skill=all&ladder=all', '2018-12-14']
斧王[50.9989, 898707, 409.81, 520.25, 2.27, 8.24, 8.9, 11.94, 569.51, 0.34, 26.18, '&server=all&skill=all&ladder=all', '2018-12-14']
虚空假面[48.5799, 881978, 491.9, 582.28, 2.92, 9.05, 6.56, 10.14, 482.26, 0.36, 89.66, '&server=all&skill=all&ladder=all', '2018-12-14']
敌法师[51.2431, 800436, 590.71, 646.2, 2.83, 8.11, 5.46, 7.37, 494.57, 1.37, 151.24, '&server=all&skill=all&ladder=all', '2018-12-14']
----------------
陈[43.9768, 33338, 266.12, 380.21, 2.14, 1.81, 7.7, 14.63, 139.3, 117.74, 38.46, '&server=all&skill=all&ladder=all', '2018-12-14']
狼人[46.81, 39357, 429.68, 481.58, 2.45, 5.37, 6.35, 10.16, 376.34, 11.38, 195.11, '&server=all&skill=all&ladder=all', '2018-12-14']
蝙蝠骑士[44.4937, 39664, 337.1, 450.6, 2.39, 5.98, 8.95, 15.39, 413.43, 1.44, 10.78, '&server=all&skill=all&ladder=all', '2018-12-14']
拉席克[44.4406, 49385, 403.6, 487.83, 2.05, 6.85, 9.12, 11.86, 538.04, 1.62, 77.45, '&server=all&skill=all&ladder=all', '2018-12-14']
维萨吉[55.3791, 49860, 423.19, 528.06, 3.04, 8.52, 6.58, 11.5, 524.5, 10.28, 174.04, '&server=all&skill=all&ladder=all', '2018-12-14']
gpm
412.0
炼金术士[45.7716, 162343, 696.56, 588.71, 2.4, 5.87, 6.83, 10.52, 559.05, 0.44, 88.51, '&server=all&skill=all&ladder=all', '2018-12-14']
敌法师[51.2431, 800436, 590.71, 646.2, 2.83, 8.11, 5.46, 7.37, 494.57, 1.37, 151.24, '&server=all&skill=all&ladder=all', '2018-12-14']
米波[51.8854, 231840, 579.53, 657.49, 2.43, 11.13, 7.35, 6.71, 633.82, 0.56, 201.09, '&server=all&skill=all&ladder=all', '2018-12-14']
天穹守望者[44.6918, 67518, 577.12, 582.12, 2.72, 8.59, 6.79, 9.86, 717.13, 0.27, 99.97, '&server=all&skill=all&ladder=all', '2018-12-14']
美杜莎[51.276, 378483, 560.12, 625.09, 2.98, 6.55, 5.46, 9.7, 669.46, 0.21, 148.38, '&server=all&skill=all&ladder=all', '2018-12-14']
恐怖利刃[51.8401, 253516, 551.92, 572.31, 2.59, 7.71, 6.29, 8.56, 574.13, 0.53, 209.76, '&server=all&skill=all&ladder=all', '2018-12-14']
主宰[53.593, 1092732, 547.39, 617.7, 3.21, 9.37, 5.82, 9.3, 625.23, 119.37, 139.58, '&server=all&skill=all&ladder=all', '2018-12-14']
露娜[53.2363, 348612, 529.48, 594.59, 2.58, 7.45, 6.94, 10.46, 567.93, 0.43, 173.11, '&server=all&skill=all&ladder=all', '2018-12-14']
先知[44.4885, 201789, 524.11, 485.75, 2.23, 5.75, 8.15, 12.39, 538.37, 1.24, 155.77, '&server=all&skill=all&ladder=all', '2018-12-14']
影魔[46.8649, 501237, 517.82, 606.23, 2.56, 9.62, 7.08, 8.53, 634.06, 0.69, 110.58, '&server=all&skill=all&ladder=all', '2018-12-14']
----------------
艾欧[39.9487, 54530, 258.28, 394.08, 1.84, 2.21, 9.25, 14.84, 203.35, 211.98, 13.52, '&server=all&skill=all&ladder=all', '2018-12-14']
陈[43.9768, 33338, 266.12, 380.21, 2.14, 1.81, 7.7, 14.63, 139.3, 117.74, 38.46, '&server=all&skill=all&ladder=all', '2018-12-14']
祸乱之源[46.9356, 96153, 270.52, 413.69, 2.1, 4.02, 8.31, 13.47, 273.59, 2.84, 13.78, '&server=all&skill=all&ladder=all', '2018-12-14']
树精卫士[47.6345, 132612, 283.88, 397.29, 2.29, 3.02, 7.4, 13.92, 215.79, 128.4, 18.65, '&server=all&skill=all&ladder=all', '2018-12-14']
巫妖[50.7811, 481912, 300.35, 409.9, 2.38, 5.04, 8.93, 16.25, 414.56, 9.86, 16.81, '&server=all&skill=all&ladder=all', '2018-12-14']
epm
509.0
米波[51.8854, 231840, 579.53, 657.49, 2.43, 11.13, 7.35, 6.71, 633.82, 0.56, 201.09, '&server=all&skill=all&ladder=all', '2018-12-14']
敌法师[51.2431, 800436, 590.71, 646.2, 2.83, 8.11, 5.46, 7.37, 494.57, 1.37, 151.24, '&server=all&skill=all&ladder=all', '2018-12-14']
美杜莎[51.276, 378483, 560.12, 625.09, 2.98, 6.55, 5.46, 9.7, 669.46, 0.21, 148.38, '&server=all&skill=all&ladder=all', '2018-12-14']
主宰[53.593, 1092732, 547.39, 617.7, 3.21, 9.37, 5.82, 9.3, 625.23, 119.37, 139.58, '&server=all&skill=all&ladder=all', '2018-12-14']
编织者[45.6436, 275322, 436.53, 613.04, 3.01, 8.24, 6.61, 11.67, 552.59, 0.56, 86.7, '&server=all&skill=all&ladder=all', '2018-12-14']
幻影刺客[51.7754, 1664288, 516.68, 607.68, 2.85, 10.47, 7.06, 9.68, 675.54, 2.8, 86.7, '&server=all&skill=all&ladder=all', '2018-12-14']
影魔[46.8649, 501237, 517.82, 606.23, 2.56, 9.62, 7.08, 8.53, 634.06, 0.69, 110.58, '&server=all&skill=all&ladder=all', '2018-12-14']
变体精灵[47.141, 376290, 515.49, 600.24, 2.77, 10.25, 6.29, 7.18, 608.38, 2.53, 153.64, '&server=all&skill=all&ladder=all', '2018-12-14']
修补匠[46.7646, 526015, 485.86, 598.94, 3.06, 10.06, 6.96, 11.25, 983.0, 2.8, 4.44, '&server=all&skill=all&ladder=all', '2018-12-14']
圣堂刺客[44.6565, 133752, 493.1, 597.39, 2.65, 8.6, 6.62, 8.91, 564.46, 0.59, 110.27, '&server=all&skill=all&ladder=all', '2018-12-14']
----------------
陈[43.9768, 33338, 266.12, 380.21, 2.14, 1.81, 7.7, 14.63, 139.3, 117.74, 38.46, '&server=all&skill=all&ladder=all', '2018-12-14']
艾欧[39.9487, 54530, 258.28, 394.08, 1.84, 2.21, 9.25, 14.84, 203.35, 211.98, 13.52, '&server=all&skill=all&ladder=all', '2018-12-14']
树精卫士[47.6345, 132612, 283.88, 397.29, 2.29, 3.02, 7.4, 13.92, 215.79, 128.4, 18.65, '&server=all&skill=all&ladder=all', '2018-12-14']
干扰者[49.575, 146110, 302.86, 409.9, 2.42, 4.68, 9.21, 17.62, 396.01, 5.42, 11.61, '&server=all&skill=all&ladder=all', '2018-12-14']
巫妖[50.7811, 481912, 300.35, 409.9, 2.38, 5.04, 8.93, 16.25, 414.56, 9.86, 16.81, '&server=all&skill=all&ladder=all', '2018-12-14']
kda
2.0
宙斯[51.3705, 540980, 400.59, 566.58, 3.47, 8.86, 7.59, 17.48, 946.7, 1.54, 13.62, '&server=all&skill=all&ladder=all', '2018-12-14']
幽鬼[48.4937, 240559, 457.14, 561.19, 3.45, 7.47, 6.77, 15.87, 709.68, 0.46, 48.75, '&server=all&skill=all&ladder=all', '2018-12-14']
米拉娜[50.3841, 558557, 409.55, 499.38, 3.36, 7.33, 6.53, 14.62, 468.14, 1.5, 64.08, '&server=all&skill=all&ladder=all', '2018-12-14']
主宰[53.593, 1092732, 547.39, 617.7, 3.21, 9.37, 5.82, 9.3, 625.23, 119.37, 139.58, '&server=all&skill=all&ladder=all', '2018-12-14']
冥魂大帝[52.0488, 308272, 445.8, 530.8, 3.16, 5.95, 6.15, 13.45, 490.45, 51.04, 109.68, '&server=all&skill=all&ladder=all', '2018-12-14']
昆卡[49.8538, 483841, 477.12, 567.95, 3.11, 7.57, 6.64, 13.1, 596.07, 2.08, 61.41, '&server=all&skill=all&ladder=all', '2018-12-14']
黑暗贤者[52.6694, 92697, 386.97, 476.36, 3.11, 4.56, 7.03, 17.28, 456.9, 49.75, 24.68, '&server=all&skill=all&ladder=all', '2018-12-14']
酒仙[51.9408, 139014, 406.81, 517.01, 3.11, 6.36, 6.35, 13.41, 481.02, 17.11, 52.11, '&server=all&skill=all&ladder=all', '2018-12-14']
祈求者[48.2703, 1081162, 458.85, 567.94, 3.1, 9.19, 6.68, 11.51, 629.9, 0.41, 76.28, '&server=all&skill=all&ladder=all', '2018-12-14']
灰烬之灵[44.7933, 264580, 483.48, 590.16, 3.08, 9.5, 7.05, 12.2, 713.49, 1.26, 41.57, '&server=all&skill=all&ladder=all', '2018-12-14']
----------------
暗影萨满[52.0924, 575781, 325.07, 417.34, 1.79, 3.99, 10.35, 14.55, 313.17, 3.05, 81.85, '&server=all&skill=all&ladder=all', '2018-12-14']
艾欧[39.9487, 54530, 258.28, 394.08, 1.84, 2.21, 9.25, 14.84, 203.35, 211.98, 13.52, '&server=all&skill=all&ladder=all', '2018-12-14']
育母蜘蛛[44.2756, 55814, 469.31, 573.31, 1.99, 7.72, 6.95, 6.09, 447.88, 1.34, 120.99, '&server=all&skill=all&ladder=all', '2018-12-14']
工程师[47.2318, 253183, 394.12, 439.37, 2.02, 7.64, 8.51, 9.52, 635.99, 0.67, 17.17, '&server=all&skill=all&ladder=all', '2018-12-14']
水晶室女[52.9704, 441639, 325.13, 412.15, 2.02, 4.09, 9.48, 15.02, 370.24, 2.53, 14.36, '&server=all&skill=all&ladder=all', '2018-12-14']
k
6.0
克林克兹[52.0934, 216442, 427.97, 535.02, 2.73, 11.25, 7.56, 9.37, 707.02, 0.39, 133.99, '&server=all&skill=all&ladder=all', '2018-12-14']
米波[51.8854, 231840, 579.53, 657.49, 2.43, 11.13, 7.35, 6.71, 633.82, 0.56, 201.09, '&server=all&skill=all&ladder=all', '2018-12-14']
哈斯卡[53.8791, 527694, 455.87, 547.37, 2.17, 10.86, 9.0, 8.66, 743.24, 0.56, 130.41, '&server=all&skill=all&ladder=all', '2018-12-14']
斯拉克[53.5205, 1060498, 481.85, 596.84, 2.83, 10.51, 7.09, 9.56, 572.66, 0.19, 105.6, '&server=all&skill=all&ladder=all', '2018-12-14']
幻影刺客[51.7754, 1664288, 516.68, 607.68, 2.85, 10.47, 7.06, 9.68, 675.54, 2.8, 86.7, '&server=all&skill=all&ladder=all', '2018-12-14']
天怒法师[52.3101, 531666, 371.74, 494.96, 2.64, 10.45, 8.54, 12.08, 685.13, 1.01, 21.08, '&server=all&skill=all&ladder=all', '2018-12-14']
变体精灵[47.141, 376290, 515.49, 600.24, 2.77, 10.25, 6.29, 7.18, 608.38, 2.53, 153.64, '&server=all&skill=all&ladder=all', '2018-12-14']
风暴之灵[44.6788, 342977, 465.3, 590.05, 2.97, 10.1, 7.18, 11.26, 618.08, 0.61, 35.17, '&server=all&skill=all&ladder=all', '2018-12-14']
修补匠[46.7646, 526015, 485.86, 598.94, 3.06, 10.06, 6.96, 11.25, 983.0, 2.8, 4.44, '&server=all&skill=all&ladder=all', '2018-12-14']
痛苦女王[45.4618, 217488, 447.17, 559.05, 2.93, 9.94, 7.29, 11.43, 651.68, 1.38, 56.19, '&server=all&skill=all&ladder=all', '2018-12-14']
----------------
陈[43.9768, 33338, 266.12, 380.21, 2.14, 1.81, 7.7, 14.63, 139.3, 117.74, 38.46, '&server=all&skill=all&ladder=all', '2018-12-14']
艾欧[39.9487, 54530, 258.28, 394.08, 1.84, 2.21, 9.25, 14.84, 203.35, 211.98, 13.52, '&server=all&skill=all&ladder=all', '2018-12-14']
光之守卫[47.8034, 282325, 329.53, 434.97, 2.72, 2.68, 6.8, 15.81, 336.69, 16.12, 11.16, '&server=all&skill=all&ladder=all', '2018-12-14']
全能骑士[49.0245, 99848, 339.07, 436.24, 2.15, 2.78, 7.11, 12.54, 248.3, 116.61, 25.88, '&server=all&skill=all&ladder=all', '2018-12-14']
树精卫士[47.6345, 132612, 283.88, 397.29, 2.29, 3.02, 7.4, 13.92, 215.79, 128.4, 18.65, '&server=all&skill=all&ladder=all', '2018-12-14']
d
7.0
暗影萨满[52.0924, 575781, 325.07, 417.34, 1.79, 3.99, 10.35, 14.55, 313.17, 3.05, 81.85, '&server=all&skill=all&ladder=all', '2018-12-14']
水晶室女[52.9704, 441639, 325.13, 412.15, 2.02, 4.09, 9.48, 15.02, 370.24, 2.53, 14.36, '&server=all&skill=all&ladder=all', '2018-12-14']
巫医[49.0247, 277511, 321.47, 409.97, 2.09, 6.38, 9.46, 13.41, 394.99, 78.4, 21.28, '&server=all&skill=all&ladder=all', '2018-12-14']
剧毒术士[48.2969, 213411, 407.97, 450.54, 2.29, 5.24, 9.29, 16.07, 647.47, 5.07, 42.71, '&server=all&skill=all&ladder=all', '2018-12-14']
莱恩[50.4498, 1584634, 322.87, 441.8, 2.03, 6.65, 9.27, 12.12, 351.73, 1.61, 14.6, '&server=all&skill=all&ladder=all', '2018-12-14']
艾欧[39.9487, 54530, 258.28, 394.08, 1.84, 2.21, 9.25, 14.84, 203.35, 211.98, 13.52, '&server=all&skill=all&ladder=all', '2018-12-14']
干扰者[49.575, 146110, 302.86, 409.9, 2.42, 4.68, 9.21, 17.62, 396.01, 5.42, 11.61, '&server=all&skill=all&ladder=all', '2018-12-14']
拉席克[44.4406, 49385, 403.6, 487.83, 2.05, 6.85, 9.12, 11.86, 538.04, 1.62, 77.45, '&server=all&skill=all&ladder=all', '2018-12-14']
帕吉[52.844, 1843832, 352.13, 497.09, 2.44, 7.42, 9.11, 14.86, 469.82, 4.59, 15.83, '&server=all&skill=all&ladder=all', '2018-12-14']
哈斯卡[53.8791, 527694, 455.87, 547.37, 2.17, 10.86, 9.0, 8.66, 743.24, 0.56, 130.41, '&server=all&skill=all&ladder=all', '2018-12-14']
----------------
德鲁伊[41.4485, 82652, 457.31, 513.01, 2.72, 5.71, 5.36, 8.84, 458.55, 2.47, 153.0, '&server=all&skill=all&ladder=all', '2018-12-14']
美杜莎[51.276, 378483, 560.12, 625.09, 2.98, 6.55, 5.46, 9.7, 669.46, 0.21, 148.38, '&server=all&skill=all&ladder=all', '2018-12-14']
敌法师[51.2431, 800436, 590.71, 646.2, 2.83, 8.11, 5.46, 7.37, 494.57, 1.37, 151.24, '&server=all&skill=all&ladder=all', '2018-12-14']
娜迦海妖[49.4792, 121736, 516.68, 564.68, 2.92, 6.48, 5.57, 9.8, 470.05, 1.38, 116.78, '&server=all&skill=all&ladder=all', '2018-12-14']
主宰[53.593, 1092732, 547.39, 617.7, 3.21, 9.37, 5.82, 9.3, 625.23, 119.37, 139.58, '&server=all&skill=all&ladder=all', '2018-12-14']
a
12.0
裂魂人[51.6388, 570751, 329.89, 460.07, 2.98, 6.03, 8.68, 19.85, 403.04, 6.48, 21.39, '&server=all&skill=all&ladder=all', '2018-12-14']
不朽尸王[53.7348, 261369, 322.74, 424.34, 2.82, 5.12, 8.26, 18.16, 372.58, 59.11, 19.18, '&server=all&skill=all&ladder=all', '2018-12-14']
干扰者[49.575, 146110, 302.86, 409.9, 2.42, 4.68, 9.21, 17.62, 396.01, 5.42, 11.61, '&server=all&skill=all&ladder=all', '2018-12-14']
宙斯[51.3705, 540980, 400.59, 566.58, 3.47, 8.86, 7.59, 17.48, 946.7, 1.54, 13.62, '&server=all&skill=all&ladder=all', '2018-12-14']
黑暗贤者[52.6694, 92697, 386.97, 476.36, 3.11, 4.56, 7.03, 17.28, 456.9, 49.75, 24.68, '&server=all&skill=all&ladder=all', '2018-12-14']
远古冰魄[52.0293, 274436, 336.5, 421.12, 2.68, 5.74, 8.52, 17.06, 443.91, 4.34, 13.89, '&server=all&skill=all&ladder=all', '2018-12-14']
天涯墨客[50.868, 510297, 367.38, 436.66, 2.56, 5.29, 8.61, 16.79, 420.52, 6.59, 16.61, '&server=all&skill=all&ladder=all', '2018-12-14']
沉默术士[52.2604, 340114, 347.15, 436.27, 2.66, 5.89, 8.41, 16.46, 461.12, 2.66, 34.35, '&server=all&skill=all&ladder=all', '2018-12-14']
凤凰[50.4915, 292370, 382.72, 475.95, 2.78, 5.72, 7.98, 16.44, 550.47, 58.88, 17.42, '&server=all&skill=all&ladder=all', '2018-12-14']
巫妖[50.7811, 481912, 300.35, 409.9, 2.38, 5.04, 8.93, 16.25, 414.56, 9.86, 16.81, '&server=all&skill=all&ladder=all', '2018-12-14']
----------------
育母蜘蛛[44.2756, 55814, 469.31, 573.31, 1.99, 7.72, 6.95, 6.09, 447.88, 1.34, 120.99, '&server=all&skill=all&ladder=all', '2018-12-14']
米波[51.8854, 231840, 579.53, 657.49, 2.43, 11.13, 7.35, 6.71, 633.82, 0.56, 201.09, '&server=all&skill=all&ladder=all', '2018-12-14']
变体精灵[47.141, 376290, 515.49, 600.24, 2.77, 10.25, 6.29, 7.18, 608.38, 2.53, 153.64, '&server=all&skill=all&ladder=all', '2018-12-14']
敌法师[51.2431, 800436, 590.71, 646.2, 2.83, 8.11, 5.46, 7.37, 494.57, 1.37, 151.24, '&server=all&skill=all&ladder=all', '2018-12-14']
殁境神蚀者[44.711, 178267, 461.83, 565.43, 2.61, 9.47, 6.87, 8.46, 644.46, 0.34, 51.05, '&server=all&skill=all&ladder=all', '2018-12-14']
dmg
510.0
修补匠[46.7646, 526015, 485.86, 598.94, 3.06, 10.06, 6.96, 11.25, 983.0, 2.8, 4.44, '&server=all&skill=all&ladder=all', '2018-12-14']
宙斯[51.3705, 540980, 400.59, 566.58, 3.47, 8.86, 7.59, 17.48, 946.7, 1.54, 13.62, '&server=all&skill=all&ladder=all', '2018-12-14']
钢背兽[49.5841, 532628, 415.55, 527.04, 2.65, 6.89, 7.88, 14.01, 755.17, 0.9, 46.73, '&server=all&skill=all&ladder=all', '2018-12-14']
哈斯卡[53.8791, 527694, 455.87, 547.37, 2.17, 10.86, 9.0, 8.66, 743.24, 0.56, 130.41, '&server=all&skill=all&ladder=all', '2018-12-14']
天穹守望者[44.6918, 67518, 577.12, 582.12, 2.72, 8.59, 6.79, 9.86, 717.13, 0.27, 99.97, '&server=all&skill=all&ladder=all', '2018-12-14']
灰烬之灵[44.7933, 264580, 483.48, 590.16, 3.08, 9.5, 7.05, 12.2, 713.49, 1.26, 41.57, '&server=all&skill=all&ladder=all', '2018-12-14']
幽鬼[48.4937, 240559, 457.14, 561.19, 3.45, 7.47, 6.77, 15.87, 709.68, 0.46, 48.75, '&server=all&skill=all&ladder=all', '2018-12-14']
克林克兹[52.0934, 216442, 427.97, 535.02, 2.73, 11.25, 7.56, 9.37, 707.02, 0.39, 133.99, '&server=all&skill=all&ladder=all', '2018-12-14']
狙击手[47.4711, 956920, 483.73, 552.98, 2.75, 9.38, 7.72, 11.85, 705.8, 0.27, 91.53, '&server=all&skill=all&ladder=all', '2018-12-14']
天怒法师[52.3101, 531666, 371.74, 494.96, 2.64, 10.45, 8.54, 12.08, 685.13, 1.01, 21.08, '&server=all&skill=all&ladder=all', '2018-12-14']
----------------
陈[43.9768, 33338, 266.12, 380.21, 2.14, 1.81, 7.7, 14.63, 139.3, 117.74, 38.46, '&server=all&skill=all&ladder=all', '2018-12-14']
艾欧[39.9487, 54530, 258.28, 394.08, 1.84, 2.21, 9.25, 14.84, 203.35, 211.98, 13.52, '&server=all&skill=all&ladder=all', '2018-12-14']
树精卫士[47.6345, 132612, 283.88, 397.29, 2.29, 3.02, 7.4, 13.92, 215.79, 128.4, 18.65, '&server=all&skill=all&ladder=all', '2018-12-14']
全能骑士[49.0245, 99848, 339.07, 436.24, 2.15, 2.78, 7.11, 12.54, 248.3, 116.61, 25.88, '&server=all&skill=all&ladder=all', '2018-12-14']
祸乱之源[46.9356, 96153, 270.52, 413.69, 2.1, 4.02, 8.31, 13.47, 273.59, 2.84, 13.78, '&server=all&skill=all&ladder=all', '2018-12-14']
treat
19.0
艾欧[39.9487, 54530, 258.28, 394.08, 1.84, 2.21, 9.25, 14.84, 203.35, 211.98, 13.52, '&server=all&skill=all&ladder=all', '2018-12-14']
戴泽[53.4202, 766854, 341.6, 435.76, 2.39, 4.83, 8.39, 15.2, 371.35, 174.81, 38.23, '&server=all&skill=all&ladder=all', '2018-12-14']
神谕者[48.8627, 90873, 305.92, 435.68, 2.68, 5.66, 7.89, 15.51, 304.42, 168.29, 14.82, '&server=all&skill=all&ladder=all', '2018-12-14']
树精卫士[47.6345, 132612, 283.88, 397.29, 2.29, 3.02, 7.4, 13.92, 215.79, 128.4, 18.65, '&server=all&skill=all&ladder=all', '2018-12-14']
主宰[53.593, 1092732, 547.39, 617.7, 3.21, 9.37, 5.82, 9.3, 625.23, 119.37, 139.58, '&server=all&skill=all&ladder=all', '2018-12-14']
陈[43.9768, 33338, 266.12, 380.21, 2.14, 1.81, 7.7, 14.63, 139.3, 117.74, 38.46, '&server=all&skill=all&ladder=all', '2018-12-14']
全能骑士[49.0245, 99848, 339.07, 436.24, 2.15, 2.78, 7.11, 12.54, 248.3, 116.61, 25.88, '&server=all&skill=all&ladder=all', '2018-12-14']
术士[50.9637, 115031, 322.7, 431.62, 2.44, 4.4, 7.95, 15.03, 470.15, 113.73, 40.23, '&server=all&skill=all&ladder=all', '2018-12-14']
瘟疫法师[51.7101, 376242, 414.88, 516.85, 2.63, 8.65, 7.93, 12.21, 627.13, 110.36, 41.78, '&server=all&skill=all&ladder=all', '2018-12-14']
寒冬飞龙[48.0747, 151793, 343.75, 428.01, 2.35, 3.98, 7.74, 14.2, 325.92, 85.79, 14.31, '&server=all&skill=all&ladder=all', '2018-12-14']
----------------
斯拉克[53.5205, 1060498, 481.85, 596.84, 2.83, 10.51, 7.09, 9.56, 572.66, 0.19, 105.6, '&server=all&skill=all&ladder=all', '2018-12-14']
美杜莎[51.276, 378483, 560.12, 625.09, 2.98, 6.55, 5.46, 9.7, 669.46, 0.21, 148.38, '&server=all&skill=all&ladder=all', '2018-12-14']
天穹守望者[44.6918, 67518, 577.12, 582.12, 2.72, 8.59, 6.79, 9.86, 717.13, 0.27, 99.97, '&server=all&skill=all&ladder=all', '2018-12-14']
狙击手[47.4711, 956920, 483.73, 552.98, 2.75, 9.38, 7.72, 11.85, 705.8, 0.27, 91.53, '&server=all&skill=all&ladder=all', '2018-12-14']
卓尔游侠[50.6652, 767339, 495.32, 585.96, 2.39, 7.59, 7.3, 9.84, 476.78, 0.31, 109.48, '&server=all&skill=all&ladder=all', '2018-12-14']
arc
63.0
恐怖利刃[51.8401, 253516, 551.92, 572.31, 2.59, 7.71, 6.29, 8.56, 574.13, 0.53, 209.76, '&server=all&skill=all&ladder=all', '2018-12-14']
米波[51.8854, 231840, 579.53, 657.49, 2.43, 11.13, 7.35, 6.71, 633.82, 0.56, 201.09, '&server=all&skill=all&ladder=all', '2018-12-14']
狼人[46.81, 39357, 429.68, 481.58, 2.45, 5.37, 6.35, 10.16, 376.34, 11.38, 195.11, '&server=all&skill=all&ladder=all', '2018-12-14']
维萨吉[55.3791, 49860, 423.19, 528.06, 3.04, 8.52, 6.58, 11.5, 524.5, 10.28, 174.04, '&server=all&skill=all&ladder=all', '2018-12-14']
露娜[53.2363, 348612, 529.48, 594.59, 2.58, 7.45, 6.94, 10.46, 567.93, 0.43, 173.11, '&server=all&skill=all&ladder=all', '2018-12-14']
先知[44.4885, 201789, 524.11, 485.75, 2.23, 5.75, 8.15, 12.39, 538.37, 1.24, 155.77, '&server=all&skill=all&ladder=all', '2018-12-14']
变体精灵[47.141, 376290, 515.49, 600.24, 2.77, 10.25, 6.29, 7.18, 608.38, 2.53, 153.64, '&server=all&skill=all&ladder=all', '2018-12-14']
德鲁伊[41.4485, 82652, 457.31, 513.01, 2.72, 5.71, 5.36, 8.84, 458.55, 2.47, 153.0, '&server=all&skill=all&ladder=all', '2018-12-14']
敌法师[51.2431, 800436, 590.71, 646.2, 2.83, 8.11, 5.46, 7.37, 494.57, 1.37, 151.24, '&server=all&skill=all&ladder=all', '2018-12-14']
巨魔战将[49.9812, 355636, 476.67, 574.69, 2.25, 8.6, 7.84, 9.01, 571.84, 6.9, 149.2, '&server=all&skill=all&ladder=all', '2018-12-14']
----------------
修补匠[46.7646, 526015, 485.86, 598.94, 3.06, 10.06, 6.96, 11.25, 983.0, 2.8, 4.44, '&server=all&skill=all&ladder=all', '2018-12-14']
蝙蝠骑士[44.4937, 39664, 337.1, 450.6, 2.39, 5.98, 8.95, 15.39, 413.43, 1.44, 10.78, '&server=all&skill=all&ladder=all', '2018-12-14']
光之守卫[47.8034, 282325, 329.53, 434.97, 2.72, 2.68, 6.8, 15.81, 336.69, 16.12, 11.16, '&server=all&skill=all&ladder=all', '2018-12-14']
干扰者[49.575, 146110, 302.86, 409.9, 2.42, 4.68, 9.21, 17.62, 396.01, 5.42, 11.61, '&server=all&skill=all&ladder=all', '2018-12-14']
司夜刺客[48.7458, 159977, 342.18, 463.01, 2.29, 5.61, 8.29, 13.41, 400.83, 3.4, 13.48, '&server=all&skill=all&ladder=all', '2018-12-14']
---天梯高分局------------------------------
win
49.0
维萨吉[59.9641, 10031, 448.86, 534.11, 3.41, 7.92, 5.59, 11.16, 527.14, 14.25, 222.69, '&server=all&skill=vh&ladder=all', '2018-12-14']
克林克兹[57.2007, 21470, 476.42, 556.82, 3.43, 11.91, 6.22, 9.42, 825.28, 0.39, 180.95, '&server=all&skill=vh&ladder=all', '2018-12-14']
兽王[56.6128, 18517, 430.51, 544.87, 2.72, 5.55, 6.61, 12.45, 469.88, 26.11, 148.88, '&server=all&skill=vh&ladder=all', '2018-12-14']
哈斯卡[56.4815, 66852, 497.78, 553.92, 2.28, 9.65, 7.55, 7.54, 736.38, 0.25, 187.85, '&server=all&skill=vh&ladder=all', '2018-12-14']
黑暗贤者[54.8092, 13651, 415.31, 492.82, 3.43, 4.75, 6.29, 16.83, 491.19, 61.81, 31.52, '&server=all&skill=vh&ladder=all', '2018-12-14']
主宰[54.2554, 114971, 591.72, 632.66, 3.87, 9.46, 4.74, 8.85, 654.77, 156.13, 185.64, '&server=all&skill=vh&ladder=all', '2018-12-14']
复仇之魂[54.1022, 22171, 305.07, 399.34, 2.23, 3.51, 8.73, 15.95, 314.82, 7.69, 31.44, '&server=all&skill=vh&ladder=all', '2018-12-14']
狼人[53.9937, 4795, 494.35, 504.71, 3.06, 5.97, 5.14, 9.76, 445.16, 3.76, 314.67, '&server=all&skill=vh&ladder=all', '2018-12-14']
不朽尸王[53.4127, 39588, 308.88, 396.89, 2.74, 4.49, 7.86, 17.03, 332.24, 64.61, 17.11, '&server=all&skill=vh&ladder=all', '2018-12-14']
嗜血狂魔[53.231, 13479, 509.71, 584.31, 3.08, 9.21, 6.56, 10.98, 697.89, 13.77, 107.44, '&server=all&skill=vh&ladder=all', '2018-12-14']
----------------
矮人直升机[42.3321, 6938, 501.45, 534.21, 2.8, 8.41, 7.07, 11.39, 686.04, 1.18, 99.42, '&server=all&skill=vh&ladder=all', '2018-12-14']
德鲁伊[43.2668, 14822, 485.91, 529.24, 3.04, 5.98, 4.76, 8.49, 494.56, 1.65, 194.1, '&server=all&skill=vh&ladder=all', '2018-12-14']
陈[43.7803, 5153, 262.62, 372.82, 2.19, 1.81, 7.43, 14.48, 149.59, 115.3, 42.76, '&server=all&skill=vh&ladder=all', '2018-12-14']
齐天大圣[43.8057, 77846, 480.29, 547.0, 2.56, 8.77, 7.25, 9.78, 610.29, 0.55, 85.15, '&server=all&skill=vh&ladder=all', '2018-12-14']
莉娜[43.9938, 36612, 492.26, 573.18, 2.53, 9.42, 7.13, 8.61, 614.38, 1.38, 92.79, '&server=all&skill=vh&ladder=all', '2018-12-14']
use
39289.0
幻影刺客[51.5249, 189394, 563.26, 623.95, 3.28, 10.66, 6.01, 9.04, 730.22, 1.9, 114.96, '&server=all&skill=vh&ladder=all', '2018-12-14']
莱恩[49.5053, 166350, 317.45, 421.53, 2.02, 5.79, 8.95, 12.26, 324.6, 1.92, 13.23, '&server=all&skill=vh&ladder=all', '2018-12-14']
帕吉[50.8042, 164758, 339.18, 479.73, 2.3, 6.42, 9.13, 14.56, 442.17, 6.1, 14.99, '&server=all&skill=vh&ladder=all', '2018-12-14']
戴泽[53.0539, 127278, 349.18, 425.53, 2.34, 4.59, 8.0, 14.16, 381.89, 179.77, 43.38, '&server=all&skill=vh&ladder=all', '2018-12-14']
斯拉克[51.2672, 117662, 512.39, 599.65, 3.11, 9.93, 6.09, 9.02, 584.07, 0.17, 126.9, '&server=all&skill=vh&ladder=all', '2018-12-14']
主宰[54.2554, 114971, 591.72, 632.66, 3.87, 9.46, 4.74, 8.85, 654.77, 156.13, 185.64, '&server=all&skill=vh&ladder=all', '2018-12-14']
拉比克[46.3329, 113781, 336.58, 434.5, 2.28, 5.01, 8.33, 14.0, 416.64, 8.72, 17.03, '&server=all&skill=vh&ladder=all', '2018-12-14']
祈求者[48.1541, 108811, 488.53, 573.42, 3.27, 9.07, 6.12, 10.94, 645.01, 0.48, 85.86, '&server=all&skill=vh&ladder=all', '2018-12-14']
马格纳斯[52.9078, 105527, 365.8, 482.42, 2.88, 3.42, 5.92, 13.6, 300.33, 6.7, 24.17, '&server=all&skill=vh&ladder=all', '2018-12-14']
天涯墨客[51.2788, 99156, 362.99, 423.7, 2.68, 4.91, 8.08, 16.76, 403.09, 7.65, 15.46, '&server=all&skill=vh&ladder=all', '2018-12-14']
----------------
死亡先知[44.5139, 3837, 455.79, 537.81, 2.56, 7.93, 7.2, 10.51, 645.42, 1.92, 122.53, '&server=all&skill=vh&ladder=all', '2018-12-14']
魅惑魔女[46.0573, 4540, 388.67, 483.04, 2.69, 6.86, 6.06, 9.46, 518.78, 40.48, 69.5, '&server=all&skill=vh&ladder=all', '2018-12-14']
狼人[53.9937, 4795, 494.35, 504.71, 3.06, 5.97, 5.14, 9.76, 445.16, 3.76, 314.67, '&server=all&skill=vh&ladder=all', '2018-12-14']
陈[43.7803, 5153, 262.62, 372.82, 2.19, 1.81, 7.43, 14.48, 149.59, 115.3, 42.76, '&server=all&skill=vh&ladder=all', '2018-12-14']
蝙蝠骑士[47.4315, 5256, 367.26, 470.95, 2.71, 6.4, 8.09, 15.49, 453.04, 1.71, 11.34, '&server=all&skill=vh&ladder=all', '2018-12-14']
gpm
432.0
炼金术士[47.0891, 9911, 740.65, 611.27, 2.95, 5.98, 5.76, 10.98, 620.63, 0.48, 89.37, '&server=all&skill=vh&ladder=all', '2018-12-14']
敌法师[52.0052, 84880, 645.12, 683.32, 3.37, 8.4, 4.55, 6.94, 532.32, 1.49, 192.09, '&server=all&skill=vh&ladder=all', '2018-12-14']
米波[52.9775, 28027, 633.01, 684.35, 2.49, 10.44, 6.62, 6.03, 630.26, 0.25, 237.91, '&server=all&skill=vh&ladder=all', '2018-12-14']
天穹守望者[44.5213, 9546, 617.42, 594.16, 2.94, 8.38, 6.15, 9.7, 772.48, 0.26, 110.58, '&server=all&skill=vh&ladder=all', '2018-12-14']
恐怖利刃[51.5985, 43102, 605.51, 585.53, 2.98, 7.4, 5.17, 8.02, 594.76, 0.37, 250.56, '&server=all&skill=vh&ladder=all', '2018-12-14']
美杜莎[50.1852, 39966, 600.95, 651.69, 3.15, 6.24, 4.78, 8.8, 679.91, 0.15, 174.95, '&server=all&skill=vh&ladder=all', '2018-12-14']
主宰[54.2554, 114971, 591.72, 632.66, 3.87, 9.46, 4.74, 8.85, 654.77, 156.13, 185.64, '&server=all&skill=vh&ladder=all', '2018-12-14']
露娜[51.1259, 33439, 578.45, 612.16, 2.86, 7.14, 5.89, 9.72, 586.36, 0.31, 205.12, '&server=all&skill=vh&ladder=all', '2018-12-14']
娜迦海妖[48.1882, 14323, 571.0, 580.91, 3.22, 6.4, 4.7, 8.74, 499.39, 0.76, 140.54, '&server=all&skill=vh&ladder=all', '2018-12-14']
圣堂刺客[48.084, 15997, 564.15, 641.83, 3.25, 9.05, 5.34, 8.27, 630.41, 0.53, 149.51, '&server=all&skill=vh&ladder=all', '2018-12-14']
----------------
陈[43.7803, 5153, 262.62, 372.82, 2.19, 1.81, 7.43, 14.48, 149.59, 115.3, 42.76, '&server=all&skill=vh&ladder=all', '2018-12-14']
祸乱之源[49.067, 16398, 269.01, 400.95, 2.18, 3.79, 8.03, 13.69, 278.27, 2.92, 12.87, '&server=all&skill=vh&ladder=all', '2018-12-14']
艾欧[44.4698, 7884, 269.7, 410.4, 2.12, 2.38, 8.49, 15.59, 232.31, 272.89, 15.53, '&server=all&skill=vh&ladder=all', '2018-12-14']
树精卫士[48.4603, 17276, 282.63, 389.4, 2.39, 3.0, 7.06, 13.87, 228.88, 125.98, 21.44, '&server=all&skill=vh&ladder=all', '2018-12-14']
巫妖[50.6107, 78922, 295.43, 394.81, 2.42, 4.61, 8.53, 16.06, 406.97, 7.7, 15.41, '&server=all&skill=vh&ladder=all', '2018-12-14']
epm
512.0
米波[52.9775, 28027, 633.01, 684.35, 2.49, 10.44, 6.62, 6.03, 630.26, 0.25, 237.91, '&server=all&skill=vh&ladder=all', '2018-12-14']
敌法师[52.0052, 84880, 645.12, 683.32, 3.37, 8.4, 4.55, 6.94, 532.32, 1.49, 192.09, '&server=all&skill=vh&ladder=all', '2018-12-14']
美杜莎[50.1852, 39966, 600.95, 651.69, 3.15, 6.24, 4.78, 8.8, 679.91, 0.15, 174.95, '&server=all&skill=vh&ladder=all', '2018-12-14']
圣堂刺客[48.084, 15997, 564.15, 641.83, 3.25, 9.05, 5.34, 8.27, 630.41, 0.53, 149.51, '&server=all&skill=vh&ladder=all', '2018-12-14']
主宰[54.2554, 114971, 591.72, 632.66, 3.87, 9.46, 4.74, 8.85, 654.77, 156.13, 185.64, '&server=all&skill=vh&ladder=all', '2018-12-14']
幻影刺客[51.5249, 189394, 563.26, 623.95, 3.28, 10.66, 6.01, 9.04, 730.22, 1.9, 114.96, '&server=all&skill=vh&ladder=all', '2018-12-14']
编织者[45.2742, 21679, 455.57, 623.67, 3.07, 7.92, 6.23, 11.18, 569.46, 1.03, 94.31, '&server=all&skill=vh&ladder=all', '2018-12-14']
育母蜘蛛[47.909, 7867, 529.91, 622.57, 2.62, 8.18, 5.38, 5.93, 500.21, 0.64, 148.57, '&server=all&skill=vh&ladder=all', '2018-12-14']
卓尔游侠[51.6159, 67917, 550.31, 619.95, 2.83, 7.6, 6.03, 9.46, 510.35, 0.26, 138.83, '&server=all&skill=vh&ladder=all', '2018-12-14']
露娜[51.1259, 33439, 578.45, 612.16, 2.86, 7.14, 5.89, 9.72, 586.36, 0.31, 205.12, '&server=all&skill=vh&ladder=all', '2018-12-14']
----------------
陈[43.7803, 5153, 262.62, 372.82, 2.19, 1.81, 7.43, 14.48, 149.59, 115.3, 42.76, '&server=all&skill=vh&ladder=all', '2018-12-14']
树精卫士[48.4603, 17276, 282.63, 389.4, 2.39, 3.0, 7.06, 13.87, 228.88, 125.98, 21.44, '&server=all&skill=vh&ladder=all', '2018-12-14']
巫医[48.13, 22059, 314.93, 392.3, 2.05, 5.77, 9.22, 13.17, 376.82, 85.19, 19.04, '&server=all&skill=vh&ladder=all', '2018-12-14']
巫妖[50.6107, 78922, 295.43, 394.81, 2.42, 4.61, 8.53, 16.06, 406.97, 7.7, 15.41, '&server=all&skill=vh&ladder=all', '2018-12-14']
不朽尸王[53.4127, 39588, 308.88, 396.89, 2.74, 4.49, 7.86, 17.03, 332.24, 64.61, 17.11, '&server=all&skill=vh&ladder=all', '2018-12-14']
kda
2.0
主宰[54.2554, 114971, 591.72, 632.66, 3.87, 9.46, 4.74, 8.85, 654.77, 156.13, 185.64, '&server=all&skill=vh&ladder=all', '2018-12-14']
幽鬼[45.0268, 17363, 490.82, 572.36, 3.69, 7.71, 6.22, 15.27, 738.93, 0.51, 60.69, '&server=all&skill=vh&ladder=all', '2018-12-14']
宙斯[49.5252, 54445, 415.97, 569.7, 3.59, 8.42, 6.99, 16.67, 962.79, 2.01, 12.17, '&server=all&skill=vh&ladder=all', '2018-12-14']
噬魂鬼[44.6545, 9045, 492.78, 561.34, 3.55, 7.52, 4.83, 9.65, 571.81, 46.36, 100.62, '&server=all&skill=vh&ladder=all', '2018-12-14']
米拉娜[50.1563, 57570, 436.82, 507.64, 3.54, 7.67, 5.99, 13.57, 506.02, 1.85, 78.89, '&server=all&skill=vh&ladder=all', '2018-12-14']
昆卡[51.5037, 47981, 481.16, 561.1, 3.47, 7.07, 5.9, 13.39, 602.13, 3.32, 69.97, '&server=all&skill=vh&ladder=all', '2018-12-14']
小小[51.56, 35225, 438.9, 526.33, 3.46, 8.82, 5.73, 11.03, 628.76, 1.77, 87.14, '&server=all&skill=vh&ladder=all', '2018-12-14']
克林克兹[57.2007, 21470, 476.42, 556.82, 3.43, 11.91, 6.22, 9.42, 825.28, 0.39, 180.95, '&server=all&skill=vh&ladder=all', '2018-12-14']
黑暗贤者[54.8092, 13651, 415.31, 492.82, 3.43, 4.75, 6.29, 16.83, 491.19, 61.81, 31.52, '&server=all&skill=vh&ladder=all', '2018-12-14']
维萨吉[59.9641, 10031, 448.86, 534.11, 3.41, 7.92, 5.59, 11.16, 527.14, 14.25, 222.69, '&server=all&skill=vh&ladder=all', '2018-12-14']
----------------
暗影萨满[52.6978, 66646, 332.34, 421.26, 1.85, 3.88, 9.73, 14.17, 329.0, 2.72, 90.43, '&server=all&skill=vh&ladder=all', '2018-12-14']
工程师[44.5841, 22360, 393.96, 445.73, 1.85, 7.15, 8.89, 9.33, 646.89, 0.72, 21.32, '&server=all&skill=vh&ladder=all', '2018-12-14']
莱恩[49.5053, 166350, 317.45, 421.53, 2.02, 5.79, 8.95, 12.26, 324.6, 1.92, 13.23, '&server=all&skill=vh&ladder=all', '2018-12-14']
巫医[48.13, 22059, 314.93, 392.3, 2.05, 5.77, 9.22, 13.17, 376.82, 85.19, 19.04, '&server=all&skill=vh&ladder=all', '2018-12-14']
水晶室女[51.1198, 32371, 326.55, 404.04, 2.08, 3.6, 8.86, 14.8, 368.3, 2.92, 12.13, '&server=all&skill=vh&ladder=all', '2018-12-14']
k
6.0
克林克兹[57.2007, 21470, 476.42, 556.82, 3.43, 11.91, 6.22, 9.42, 825.28, 0.39, 180.95, '&server=all&skill=vh&ladder=all', '2018-12-14']
幻影刺客[51.5249, 189394, 563.26, 623.95, 3.28, 10.66, 6.01, 9.04, 730.22, 1.9, 114.96, '&server=all&skill=vh&ladder=all', '2018-12-14']
米波[52.9775, 28027, 633.01, 684.35, 2.49, 10.44, 6.62, 6.03, 630.26, 0.25, 237.91, '&server=all&skill=vh&ladder=all', '2018-12-14']
痛苦女王[46.6297, 23232, 484.9, 577.61, 3.32, 10.03, 6.35, 11.07, 700.26, 1.91, 64.66, '&server=all&skill=vh&ladder=all', '2018-12-14']
天怒法师[51.8096, 78111, 379.06, 479.91, 2.65, 9.99, 8.18, 11.65, 702.1, 0.86, 21.66, '&server=all&skill=vh&ladder=all', '2018-12-14']
风暴之灵[44.2247, 28310, 498.29, 607.15, 3.01, 9.97, 6.75, 10.33, 657.88, 0.88, 38.28, '&server=all&skill=vh&ladder=all', '2018-12-14']
斯拉克[51.2672, 117662, 512.39, 599.65, 3.11, 9.93, 6.09, 9.02, 584.07, 0.17, 126.9, '&server=all&skill=vh&ladder=all', '2018-12-14']
殁境神蚀者[48.4387, 38238, 516.62, 602.26, 2.96, 9.89, 5.98, 7.82, 689.26, 0.24, 60.98, '&server=all&skill=vh&ladder=all', '2018-12-14']
哈斯卡[56.4815, 66852, 497.78, 553.92, 2.28, 9.65, 7.55, 7.54, 736.38, 0.25, 187.85, '&server=all&skill=vh&ladder=all', '2018-12-14']
主宰[54.2554, 114971, 591.72, 632.66, 3.87, 9.46, 4.74, 8.85, 654.77, 156.13, 185.64, '&server=all&skill=vh&ladder=all', '2018-12-14']
----------------
陈[43.7803, 5153, 262.62, 372.82, 2.19, 1.81, 7.43, 14.48, 149.59, 115.3, 42.76, '&server=all&skill=vh&ladder=all', '2018-12-14']
艾欧[44.4698, 7884, 269.7, 410.4, 2.12, 2.38, 8.49, 15.59, 232.31, 272.89, 15.53, '&server=all&skill=vh&ladder=all', '2018-12-14']
光之守卫[47.0223, 35732, 333.3, 432.49, 2.73, 2.59, 6.45, 14.99, 338.27, 9.75, 9.79, '&server=all&skill=vh&ladder=all', '2018-12-14']
全能骑士[49.4021, 7945, 359.26, 440.65, 2.25, 2.64, 6.56, 12.1, 259.13, 126.41, 27.57, '&server=all&skill=vh&ladder=all', '2018-12-14']
树精卫士[48.4603, 17276, 282.63, 389.4, 2.39, 3.0, 7.06, 13.87, 228.88, 125.98, 21.44, '&server=all&skill=vh&ladder=all', '2018-12-14']
d
6.0
暗影萨满[52.6978, 66646, 332.34, 421.26, 1.85, 3.88, 9.73, 14.17, 329.0, 2.72, 90.43, '&server=all&skill=vh&ladder=all', '2018-12-14']
巫医[48.13, 22059, 314.93, 392.3, 2.05, 5.77, 9.22, 13.17, 376.82, 85.19, 19.04, '&server=all&skill=vh&ladder=all', '2018-12-14']
帕吉[50.8042, 164758, 339.18, 479.73, 2.3, 6.42, 9.13, 14.56, 442.17, 6.1, 14.99, '&server=all&skill=vh&ladder=all', '2018-12-14']
莱恩[49.5053, 166350, 317.45, 421.53, 2.02, 5.79, 8.95, 12.26, 324.6, 1.92, 13.23, '&server=all&skill=vh&ladder=all', '2018-12-14']
工程师[44.5841, 22360, 393.96, 445.73, 1.85, 7.15, 8.89, 9.33, 646.89, 0.72, 21.32, '&server=all&skill=vh&ladder=all', '2018-12-14']
水晶室女[51.1198, 32371, 326.55, 404.04, 2.08, 3.6, 8.86, 14.8, 368.3, 2.92, 12.13, '&server=all&skill=vh&ladder=all', '2018-12-14']
干扰者[49.9579, 17809, 303.77, 406.63, 2.5, 4.5, 8.76, 17.38, 391.78, 4.63, 10.57, '&server=all&skill=vh&ladder=all', '2018-12-14']
复仇之魂[54.1022, 22171, 305.07, 399.34, 2.23, 3.51, 8.73, 15.95, 314.82, 7.69, 31.44, '&server=all&skill=vh&ladder=all', '2018-12-14']
巨牙海民[47.6983, 49746, 338.51, 442.49, 2.51, 5.52, 8.72, 16.34, 398.65, 9.54, 17.11, '&server=all&skill=vh&ladder=all', '2018-12-14']
剧毒术士[48.0496, 22662, 426.25, 450.99, 2.33, 4.8, 8.7, 15.43, 666.56, 7.92, 49.26, '&server=all&skill=vh&ladder=all', '2018-12-14']
----------------
敌法师[52.0052, 84880, 645.12, 683.32, 3.37, 8.4, 4.55, 6.94, 532.32, 1.49, 192.09, '&server=all&skill=vh&ladder=all', '2018-12-14']
娜迦海妖[48.1882, 14323, 571.0, 580.91, 3.22, 6.4, 4.7, 8.74, 499.39, 0.76, 140.54, '&server=all&skill=vh&ladder=all', '2018-12-14']
主宰[54.2554, 114971, 591.72, 632.66, 3.87, 9.46, 4.74, 8.85, 654.77, 156.13, 185.64, '&server=all&skill=vh&ladder=all', '2018-12-14']
德鲁伊[43.2668, 14822, 485.91, 529.24, 3.04, 5.98, 4.76, 8.49, 494.56, 1.65, 194.1, '&server=all&skill=vh&ladder=all', '2018-12-14']
美杜莎[50.1852, 39966, 600.95, 651.69, 3.15, 6.24, 4.78, 8.8, 679.91, 0.15, 174.95, '&server=all&skill=vh&ladder=all', '2018-12-14']
a
12.0
裂魂人[50.9911, 49442, 314.94, 427.37, 2.9, 4.97, 8.5, 19.66, 375.95, 7.71, 17.61, '&server=all&skill=vh&ladder=all', '2018-12-14']
干扰者[49.9579, 17809, 303.77, 406.63, 2.5, 4.5, 8.76, 17.38, 391.78, 4.63, 10.57, '&server=all&skill=vh&ladder=all', '2018-12-14']
不朽尸王[53.4127, 39588, 308.88, 396.89, 2.74, 4.49, 7.86, 17.03, 332.24, 64.61, 17.11, '&server=all&skill=vh&ladder=all', '2018-12-14']
黑暗贤者[54.8092, 13651, 415.31, 492.82, 3.43, 4.75, 6.29, 16.83, 491.19, 61.81, 31.52, '&server=all&skill=vh&ladder=all', '2018-12-14']
天涯墨客[51.2788, 99156, 362.99, 423.7, 2.68, 4.91, 8.08, 16.76, 403.09, 7.65, 15.46, '&server=all&skill=vh&ladder=all', '2018-12-14']
大地之灵[48.9437, 16000, 322.38, 423.43, 2.65, 5.26, 8.3, 16.75, 428.05, 10.79, 14.7, '&server=all&skill=vh&ladder=all', '2018-12-14']
沉默术士[52.3093, 38041, 324.96, 404.41, 2.68, 4.78, 8.01, 16.7, 422.68, 3.94, 26.24, '&server=all&skill=vh&ladder=all', '2018-12-14']
宙斯[49.5252, 54445, 415.97, 569.7, 3.59, 8.42, 6.99, 16.67, 962.79, 2.01, 12.17, '&server=all&skill=vh&ladder=all', '2018-12-14']
巨牙海民[47.6983, 49746, 338.51, 442.49, 2.51, 5.52, 8.72, 16.34, 398.65, 9.54, 17.11, '&server=all&skill=vh&ladder=all', '2018-12-14']
远古冰魄[51.3424, 37024, 337.75, 407.07, 2.63, 5.29, 8.21, 16.33, 439.26, 4.15, 13.21, '&server=all&skill=vh&ladder=all', '2018-12-14']
----------------
育母蜘蛛[47.909, 7867, 529.91, 622.57, 2.62, 8.18, 5.38, 5.93, 500.21, 0.64, 148.57, '&server=all&skill=vh&ladder=all', '2018-12-14']
米波[52.9775, 28027, 633.01, 684.35, 2.49, 10.44, 6.62, 6.03, 630.26, 0.25, 237.91, '&server=all&skill=vh&ladder=all', '2018-12-14']
变体精灵[44.5507, 44327, 536.41, 594.5, 2.75, 9.32, 5.83, 6.73, 602.15, 3.86, 171.36, '&server=all&skill=vh&ladder=all', '2018-12-14']
敌法师[52.0052, 84880, 645.12, 683.32, 3.37, 8.4, 4.55, 6.94, 532.32, 1.49, 192.09, '&server=all&skill=vh&ladder=all', '2018-12-14']
哈斯卡[56.4815, 66852, 497.78, 553.92, 2.28, 9.65, 7.55, 7.54, 736.38, 0.25, 187.85, '&server=all&skill=vh&ladder=all', '2018-12-14']
dmg
528.0
修补匠[47.1708, 52117, 521.88, 598.81, 3.08, 8.99, 6.48, 10.99, 1031.94, 5.81, 3.37, '&server=all&skill=vh&ladder=all', '2018-12-14']
宙斯[49.5252, 54445, 415.97, 569.7, 3.59, 8.42, 6.99, 16.67, 962.79, 2.01, 12.17, '&server=all&skill=vh&ladder=all', '2018-12-14']
克林克兹[57.2007, 21470, 476.42, 556.82, 3.43, 11.91, 6.22, 9.42, 825.28, 0.39, 180.95, '&server=all&skill=vh&ladder=all', '2018-12-14']
天穹守望者[44.5213, 9546, 617.42, 594.16, 2.94, 8.38, 6.15, 9.7, 772.48, 0.26, 110.58, '&server=all&skill=vh&ladder=all', '2018-12-14']
狙击手[47.9772, 41947, 534.61, 574.22, 3.14, 9.37, 6.62, 11.42, 769.27, 0.25, 117.5, '&server=all&skill=vh&ladder=all', '2018-12-14']
钢背兽[46.2935, 29030, 442.4, 526.98, 2.53, 6.22, 7.37, 12.45, 769.07, 1.93, 55.31, '&server=all&skill=vh&ladder=all', '2018-12-14']
灰烬之灵[45.2502, 29991, 496.92, 595.33, 3.36, 9.29, 6.47, 12.43, 752.64, 1.96, 42.65, '&server=all&skill=vh&ladder=all', '2018-12-14']
幽鬼[45.0268, 17363, 490.82, 572.36, 3.69, 7.71, 6.22, 15.27, 738.93, 0.51, 60.69, '&server=all&skill=vh&ladder=all', '2018-12-14']
哈斯卡[56.4815, 66852, 497.78, 553.92, 2.28, 9.65, 7.55, 7.54, 736.38, 0.25, 187.85, '&server=all&skill=vh&ladder=all', '2018-12-14']
幻影刺客[51.5249, 189394, 563.26, 623.95, 3.28, 10.66, 6.01, 9.04, 730.22, 1.9, 114.96, '&server=all&skill=vh&ladder=all', '2018-12-14']
----------------
陈[43.7803, 5153, 262.62, 372.82, 2.19, 1.81, 7.43, 14.48, 149.59, 115.3, 42.76, '&server=all&skill=vh&ladder=all', '2018-12-14']
树精卫士[48.4603, 17276, 282.63, 389.4, 2.39, 3.0, 7.06, 13.87, 228.88, 125.98, 21.44, '&server=all&skill=vh&ladder=all', '2018-12-14']
艾欧[44.4698, 7884, 269.7, 410.4, 2.12, 2.38, 8.49, 15.59, 232.31, 272.89, 15.53, '&server=all&skill=vh&ladder=all', '2018-12-14']
全能骑士[49.4021, 7945, 359.26, 440.65, 2.25, 2.64, 6.56, 12.1, 259.13, 126.41, 27.57, '&server=all&skill=vh&ladder=all', '2018-12-14']
祸乱之源[49.067, 16398, 269.01, 400.95, 2.18, 3.79, 8.03, 13.69, 278.27, 2.92, 12.87, '&server=all&skill=vh&ladder=all', '2018-12-14']
treat
21.0
艾欧[44.4698, 7884, 269.7, 410.4, 2.12, 2.38, 8.49, 15.59, 232.31, 272.89, 15.53, '&server=all&skill=vh&ladder=all', '2018-12-14']
神谕者[51.5624, 22625, 308.05, 427.36, 2.83, 5.59, 7.31, 15.12, 317.03, 181.57, 14.32, '&server=all&skill=vh&ladder=all', '2018-12-14']
戴泽[53.0539, 127278, 349.18, 425.53, 2.34, 4.59, 8.0, 14.16, 381.89, 179.77, 43.38, '&server=all&skill=vh&ladder=all', '2018-12-14']
主宰[54.2554, 114971, 591.72, 632.66, 3.87, 9.46, 4.74, 8.85, 654.77, 156.13, 185.64, '&server=all&skill=vh&ladder=all', '2018-12-14']
术士[49.957, 12785, 314.58, 425.45, 2.52, 3.89, 7.29, 14.51, 443.96, 144.45, 32.38, '&server=all&skill=vh&ladder=all', '2018-12-14']
全能骑士[49.4021, 7945, 359.26, 440.65, 2.25, 2.64, 6.56, 12.1, 259.13, 126.41, 27.57, '&server=all&skill=vh&ladder=all', '2018-12-14']
树精卫士[48.4603, 17276, 282.63, 389.4, 2.39, 3.0, 7.06, 13.87, 228.88, 125.98, 21.44, '&server=all&skill=vh&ladder=all', '2018-12-14']
陈[43.7803, 5153, 262.62, 372.82, 2.19, 1.81, 7.43, 14.48, 149.59, 115.3, 42.76, '&server=all&skill=vh&ladder=all', '2018-12-14']
瘟疫法师[50.0875, 30271, 442.46, 516.0, 2.58, 8.0, 7.44, 11.15, 645.88, 110.95, 50.34, '&server=all&skill=vh&ladder=all', '2018-12-14']
巫医[48.13, 22059, 314.93, 392.3, 2.05, 5.77, 9.22, 13.17, 376.82, 85.19, 19.04, '&server=all&skill=vh&ladder=all', '2018-12-14']
----------------
美杜莎[50.1852, 39966, 600.95, 651.69, 3.15, 6.24, 4.78, 8.8, 679.91, 0.15, 174.95, '&server=all&skill=vh&ladder=all', '2018-12-14']
斯拉克[51.2672, 117662, 512.39, 599.65, 3.11, 9.93, 6.09, 9.02, 584.07, 0.17, 126.9, '&server=all&skill=vh&ladder=all', '2018-12-14']
殁境神蚀者[48.4387, 38238, 516.62, 602.26, 2.96, 9.89, 5.98, 7.82, 689.26, 0.24, 60.98, '&server=all&skill=vh&ladder=all', '2018-12-14']
狙击手[47.9772, 41947, 534.61, 574.22, 3.14, 9.37, 6.62, 11.42, 769.27, 0.25, 117.5, '&server=all&skill=vh&ladder=all', '2018-12-14']
哈斯卡[56.4815, 66852, 497.78, 553.92, 2.28, 9.65, 7.55, 7.54, 736.38, 0.25, 187.85, '&server=all&skill=vh&ladder=all', '2018-12-14']
arc
75.0
狼人[53.9937, 4795, 494.35, 504.71, 3.06, 5.97, 5.14, 9.76, 445.16, 3.76, 314.67, '&server=all&skill=vh&ladder=all', '2018-12-14']
恐怖利刃[51.5985, 43102, 605.51, 585.53, 2.98, 7.4, 5.17, 8.02, 594.76, 0.37, 250.56, '&server=all&skill=vh&ladder=all', '2018-12-14']
米波[52.9775, 28027, 633.01, 684.35, 2.49, 10.44, 6.62, 6.03, 630.26, 0.25, 237.91, '&server=all&skill=vh&ladder=all', '2018-12-14']
维萨吉[59.9641, 10031, 448.86, 534.11, 3.41, 7.92, 5.59, 11.16, 527.14, 14.25, 222.69, '&server=all&skill=vh&ladder=all', '2018-12-14']
露娜[51.1259, 33439, 578.45, 612.16, 2.86, 7.14, 5.89, 9.72, 586.36, 0.31, 205.12, '&server=all&skill=vh&ladder=all', '2018-12-14']
德鲁伊[43.2668, 14822, 485.91, 529.24, 3.04, 5.98, 4.76, 8.49, 494.56, 1.65, 194.1, '&server=all&skill=vh&ladder=all', '2018-12-14']
敌法师[52.0052, 84880, 645.12, 683.32, 3.37, 8.4, 4.55, 6.94, 532.32, 1.49, 192.09, '&server=all&skill=vh&ladder=all', '2018-12-14']
巨魔战将[47.8704, 24723, 527.3, 589.03, 2.6, 8.45, 6.57, 8.65, 616.93, 5.08, 189.25, '&server=all&skill=vh&ladder=all', '2018-12-14']
哈斯卡[56.4815, 66852, 497.78, 553.92, 2.28, 9.65, 7.55, 7.54, 736.38, 0.25, 187.85, '&server=all&skill=vh&ladder=all', '2018-12-14']
主宰[54.2554, 114971, 591.72, 632.66, 3.87, 9.46, 4.74, 8.85, 654.77, 156.13, 185.64, '&server=all&skill=vh&ladder=all', '2018-12-14']
----------------
修补匠[47.1708, 52117, 521.88, 598.81, 3.08, 8.99, 6.48, 10.99, 1031.94, 5.81, 3.37, '&server=all&skill=vh&ladder=all', '2018-12-14']
光之守卫[47.0223, 35732, 333.3, 432.49, 2.73, 2.59, 6.45, 14.99, 338.27, 9.75, 9.79, '&server=all&skill=vh&ladder=all', '2018-12-14']
干扰者[49.9579, 17809, 303.77, 406.63, 2.5, 4.5, 8.76, 17.38, 391.78, 4.63, 10.57, '&server=all&skill=vh&ladder=all', '2018-12-14']
蝙蝠骑士[47.4315, 5256, 367.26, 470.95, 2.71, 6.4, 8.09, 15.49, 453.04, 1.71, 11.34, '&server=all&skill=vh&ladder=all', '2018-12-14']
寒冬飞龙[48.9578, 23412, 348.01, 416.75, 2.41, 3.87, 7.35, 13.87, 350.12, 77.75, 11.66, '&server=all&skill=vh&ladder=all', '2018-12-14']
---职业比赛------------------------------
win
49.0
黑暗贤者[66.0377, 106, 423.96, 449.42, 3.92, 4.69, 4.51, 12.99, 469.8, 53.5, 46.75, '&server=all&skill=pro&ladder=all', '2018-12-14']
兽王[65.8986, 217, 414.28, 474.08, 3.29, 4.93, 5.25, 12.35, 434.91, 33.69, 133.11, '&server=all&skill=pro&ladder=all', '2018-12-14']
剃刀[64.6154, 65, 471.52, 489.8, 3.92, 7.25, 4.63, 10.91, 610.95, 0.64, 92.32, '&server=all&skill=pro&ladder=all', '2018-12-14']
维萨吉[64.5833, 48, 424.33, 474.77, 3.77, 6.9, 4.44, 9.85, 447.75, 3.79, 214.39, '&server=all&skill=pro&ladder=all', '2018-12-14']
赏金猎人[62.8571, 35, 431.43, 433.2, 3.14, 6.71, 6.29, 13.0, 379.92, 13.18, 29.66, '&server=all&skill=pro&ladder=all', '2018-12-14']
育母蜘蛛[62.5, 48, 581.15, 634.92, 3.63, 10.25, 4.19, 4.94, 598.46, 0.0, 194.59, '&server=all&skill=pro&ladder=all', '2018-12-14']
米波[60.0858, 233, 622.26, 656.47, 2.77, 10.65, 5.66, 5.03, 653.36, 0.23, 260.58, '&server=all&skill=pro&ladder=all', '2018-12-14']
小小[59.589, 146, 429.1, 493.48, 4.44, 8.35, 4.27, 10.58, 615.96, 2.57, 69.62, '&server=all&skill=pro&ladder=all', '2018-12-14']
大地之灵[58.7302, 63, 308.03, 387.7, 3.2, 4.87, 6.57, 16.14, 400.25, 11.64, 12.42, '&server=all&skill=pro&ladder=all', '2018-12-14']
克林克兹[58.5366, 41, 408.63, 467.46, 3.06, 9.41, 5.32, 6.83, 692.17, 0.35, 145.49, '&server=all&skill=pro&ladder=all', '2018-12-14']
----------------
全能骑士[26.087, 23, 351.52, 344.39, 1.81, 3.0, 5.3, 6.61, 318.49, 90.26, 21.35, '&server=all&skill=pro&ladder=all', '2018-12-14']
死亡先知[29.1667, 24, 371.38, 386.21, 1.88, 4.71, 5.21, 5.08, 445.68, 0.1, 69.33, '&server=all&skill=pro&ladder=all', '2018-12-14']
暗夜魔王[31.5789, 19, 300.05, 376.11, 2.05, 3.68, 5.53, 7.63, 286.7, 2.32, 30.09, '&server=all&skill=pro&ladder=all', '2018-12-14']
幽鬼[33.3333, 51, 451.06, 507.71, 3.48, 6.61, 5.43, 12.27, 591.77, 0.0, 41.85, '&server=all&skill=pro&ladder=all', '2018-12-14']
巨魔战将[35.1648, 91, 487.91, 505.22, 2.3, 7.24, 6.15, 6.91, 566.85, 7.27, 165.32, '&server=all&skill=pro&ladder=all', '2018-12-14']
use
150.0
幻影刺客[49.7436, 585, 520.97, 558.52, 3.25, 8.99, 5.16, 7.77, 632.66, 2.64, 90.44, '&server=all&skill=pro&ladder=all', '2018-12-14']
巫妖[45.8647, 532, 265.55, 325.94, 2.27, 3.88, 7.67, 13.51, 379.87, 7.45, 9.52, '&server=all&skill=pro&ladder=all', '2018-12-14']
天涯墨客[51.6949, 472, 328.02, 364.74, 2.77, 4.27, 6.63, 14.1, 381.27, 9.93, 11.43, '&server=all&skill=pro&ladder=all', '2018-12-14']
莱恩[47.216, 449, 281.88, 358.1, 1.86, 4.1, 7.94, 10.68, 285.88, 3.56, 11.29, '&server=all&skill=pro&ladder=all', '2018-12-14']
戴泽[56.9444, 432, 325.38, 370.86, 2.38, 3.87, 6.68, 11.99, 367.11, 165.59, 44.86, '&server=all&skill=pro&ladder=all', '2018-12-14']
斯拉克[54.0741, 405, 482.36, 539.5, 2.89, 8.79, 5.61, 7.46, 539.81, 0.02, 105.96, '&server=all&skill=pro&ladder=all', '2018-12-14']
斧王[40.3183, 377, 378.46, 433.86, 1.99, 5.68, 7.27, 8.81, 467.59, 0.66, 16.76, '&server=all&skill=pro&ladder=all', '2018-12-14']
主宰[52.4457, 368, 548.89, 562.21, 3.74, 8.05, 4.19, 7.62, 585.64, 133.45, 149.29, '&server=all&skill=pro&ladder=all', '2018-12-14']
拉比克[54.2274, 343, 348.28, 411.09, 2.81, 5.45, 6.15, 11.85, 450.58, 8.34, 24.13, '&server=all&skill=pro&ladder=all', '2018-12-14']
巨牙海民[55.4572, 339, 302.43, 366.01, 2.79, 4.18, 6.76, 14.71, 347.65, 12.91, 13.78, '&server=all&skill=pro&ladder=all', '2018-12-14']
----------------
魅惑魔女[57.1429, 14, 356.43, 446.0, 3.92, 8.21, 4.29, 8.57, 482.21, 27.77, 72.31, '&server=all&skill=pro&ladder=all', '2018-12-14']
暗夜魔王[31.5789, 19, 300.05, 376.11, 2.05, 3.68, 5.53, 7.63, 286.7, 2.32, 30.09, '&server=all&skill=pro&ladder=all', '2018-12-14']
全能骑士[26.087, 23, 351.52, 344.39, 1.81, 3.0, 5.3, 6.61, 318.49, 90.26, 21.35, '&server=all&skill=pro&ladder=all', '2018-12-14']
死亡先知[29.1667, 24, 371.38, 386.21, 1.88, 4.71, 5.21, 5.08, 445.68, 0.1, 69.33, '&server=all&skill=pro&ladder=all', '2018-12-14']
拉席克[51.7241, 29, 467.66, 520.45, 3.23, 6.76, 5.55, 11.17, 604.69, 2.92, 112.41, '&server=all&skill=pro&ladder=all', '2018-12-14']
gpm
401.0
炼金术士[45.7143, 35, 641.31, 528.6, 3.4, 4.31, 4.17, 9.86, 489.21, 0.35, 88.27, '&server=all&skill=pro&ladder=all', '2018-12-14']
米波[60.0858, 233, 622.26, 656.47, 2.77, 10.65, 5.66, 5.03, 653.36, 0.23, 260.58, '&server=all&skill=pro&ladder=all', '2018-12-14']
恐怖利刃[56.7227, 238, 606.58, 541.95, 3.25, 6.74, 4.19, 6.9, 551.06, 0.35, 242.26, '&server=all&skill=pro&ladder=all', '2018-12-14']
敌法师[51.6923, 325, 597.98, 620.99, 3.36, 7.16, 3.77, 5.5, 466.22, 1.63, 143.36, '&server=all&skill=pro&ladder=all', '2018-12-14']
育母蜘蛛[62.5, 48, 581.15, 634.92, 3.63, 10.25, 4.19, 4.94, 598.46, 0.0, 194.59, '&server=all&skill=pro&ladder=all', '2018-12-14']
娜迦海妖[48.5714, 35, 558.66, 538.97, 4.75, 6.26, 2.89, 7.46, 476.52, 0.0, 121.55, '&server=all&skill=pro&ladder=all', '2018-12-14']
主宰[52.4457, 368, 548.89, 562.21, 3.74, 8.05, 4.19, 7.62, 585.64, 133.45, 149.29, '&server=all&skill=pro&ladder=all', '2018-12-14']
露娜[51.0204, 98, 542.4, 536.27, 2.77, 6.98, 5.47, 8.15, 550.02, 0.47, 187.2, '&server=all&skill=pro&ladder=all', '2018-12-14']
圣堂刺客[56.1905, 105, 537.83, 579.2, 3.52, 7.33, 4.09, 7.07, 572.84, 0.27, 143.33, '&server=all&skill=pro&ladder=all', '2018-12-14']
美杜莎[47.1545, 123, 534.12, 551.03, 2.98, 5.07, 3.79, 6.21, 583.68, 0.91, 143.57, '&server=all&skill=pro&ladder=all', '2018-12-14']
----------------
树精卫士[41.0256, 39, 230.85, 282.15, 2.1, 2.26, 5.44, 9.15, 210.47, 84.55, 19.53, '&server=all&skill=pro&ladder=all', '2018-12-14']
陈[46.6667, 45, 231.18, 237.8, 1.52, 1.4, 7.27, 9.62, 117.36, 63.94, 32.68, '&server=all&skill=pro&ladder=all', '2018-12-14']
祸乱之源[56.4706, 170, 250.44, 328.48, 2.16, 2.99, 6.63, 11.3, 269.87, 4.41, 10.48, '&server=all&skill=pro&ladder=all', '2018-12-14']
艾欧[52.1739, 69, 255.71, 392.57, 2.73, 2.01, 5.78, 13.75, 239.08, 290.39, 15.49, '&server=all&skill=pro&ladder=all', '2018-12-14']
沉默术士[41.7808, 146, 263.9, 308.86, 2.34, 3.29, 6.92, 12.92, 364.72, 5.0, 16.59, '&server=all&skill=pro&ladder=all', '2018-12-14']
epm
449.0
米波[60.0858, 233, 622.26, 656.47, 2.77, 10.65, 5.66, 5.03, 653.36, 0.23, 260.58, '&server=all&skill=pro&ladder=all', '2018-12-14']
育母蜘蛛[62.5, 48, 581.15, 634.92, 3.63, 10.25, 4.19, 4.94, 598.46, 0.0, 194.59, '&server=all&skill=pro&ladder=all', '2018-12-14']
敌法师[51.6923, 325, 597.98, 620.99, 3.36, 7.16, 3.77, 5.5, 466.22, 1.63, 143.36, '&server=all&skill=pro&ladder=all', '2018-12-14']
风暴之灵[40.367, 109, 484.13, 581.77, 2.82, 9.55, 6.34, 8.36, 693.73, 0.85, 33.05, '&server=all&skill=pro&ladder=all', '2018-12-14']
殁境神蚀者[55.9783, 184, 524.25, 579.24, 3.65, 9.13, 4.47, 7.18, 685.04, 0.25, 58.74, '&server=all&skill=pro&ladder=all', '2018-12-14']
圣堂刺客[56.1905, 105, 537.83, 579.2, 3.52, 7.33, 4.09, 7.07, 572.84, 0.27, 143.33, '&server=all&skill=pro&ladder=all', '2018-12-14']
伐木机[55.5556, 135, 465.79, 568.42, 3.44, 7.68, 4.59, 8.13, 711.6, 0.76, 44.05, '&server=all&skill=pro&ladder=all', '2018-12-14']
主宰[52.4457, 368, 548.89, 562.21, 3.74, 8.05, 4.19, 7.62, 585.64, 133.45, 149.29, '&server=all&skill=pro&ladder=all', '2018-12-14']
幻影刺客[49.7436, 585, 520.97, 558.52, 3.25, 8.99, 5.16, 7.77, 632.66, 2.64, 90.44, '&server=all&skill=pro&ladder=all', '2018-12-14']
莉娜[51.2048, 166, 504.28, 555.83, 3.06, 8.99, 5.34, 7.33, 626.37, 1.82, 101.42, '&server=all&skill=pro&ladder=all', '2018-12-14']
----------------
陈[46.6667, 45, 231.18, 237.8, 1.52, 1.4, 7.27, 9.62, 117.36, 63.94, 32.68, '&server=all&skill=pro&ladder=all', '2018-12-14']
树精卫士[41.0256, 39, 230.85, 282.15, 2.1, 2.26, 5.44, 9.15, 210.47, 84.55, 19.53, '&server=all&skill=pro&ladder=all', '2018-12-14']
巫医[54.2169, 83, 265.05, 303.13, 1.82, 3.69, 7.34, 9.7, 297.43, 78.29, 15.05, '&server=all&skill=pro&ladder=all', '2018-12-14']
沉默术士[41.7808, 146, 263.9, 308.86, 2.34, 3.29, 6.92, 12.92, 364.72, 5.0, 16.59, '&server=all&skill=pro&ladder=all', '2018-12-14']
巫妖[45.8647, 532, 265.55, 325.94, 2.27, 3.88, 7.67, 13.51, 379.87, 7.45, 9.52, '&server=all&skill=pro&ladder=all', '2018-12-14']
kda
2.0
娜迦海妖[48.5714, 35, 558.66, 538.97, 4.75, 6.26, 2.89, 7.46, 476.52, 0.0, 121.55, '&server=all&skill=pro&ladder=all', '2018-12-14']
小小[59.589, 146, 429.1, 493.48, 4.44, 8.35, 4.27, 10.58, 615.96, 2.57, 69.62, '&server=all&skill=pro&ladder=all', '2018-12-14']
德鲁伊[52.2523, 111, 480.0, 479.59, 4.36, 5.44, 2.68, 6.26, 493.28, 1.17, 208.07, '&server=all&skill=pro&ladder=all', '2018-12-14']
灰烬之灵[50.6667, 75, 465.21, 524.44, 3.98, 8.09, 4.65, 10.41, 661.33, 2.01, 43.52, '&server=all&skill=pro&ladder=all', '2018-12-14']
剃刀[64.6154, 65, 471.52, 489.8, 3.92, 7.25, 4.63, 10.91, 610.95, 0.64, 92.32, '&server=all&skill=pro&ladder=all', '2018-12-14']
魅惑魔女[57.1429, 14, 356.43, 446.0, 3.92, 8.21, 4.29, 8.57, 482.21, 27.77, 72.31, '&server=all&skill=pro&ladder=all', '2018-12-14']
黑暗贤者[66.0377, 106, 423.96, 449.42, 3.92, 4.69, 4.51, 12.99, 469.8, 53.5, 46.75, '&server=all&skill=pro&ladder=all', '2018-12-14']
米拉娜[50.8021, 187, 440.51, 483.47, 3.79, 7.37, 4.89, 11.18, 515.44, 1.63, 78.85, '&server=all&skill=pro&ladder=all', '2018-12-14']
维萨吉[64.5833, 48, 424.33, 474.77, 3.77, 6.9, 4.44, 9.85, 447.75, 3.79, 214.39, '&server=all&skill=pro&ladder=all', '2018-12-14']
主宰[52.4457, 368, 548.89, 562.21, 3.74, 8.05, 4.19, 7.62, 585.64, 133.45, 149.29, '&server=all&skill=pro&ladder=all', '2018-12-14']
----------------
陈[46.6667, 45, 231.18, 237.8, 1.52, 1.4, 7.27, 9.62, 117.36, 63.94, 32.68, '&server=all&skill=pro&ladder=all', '2018-12-14']
全能骑士[26.087, 23, 351.52, 344.39, 1.81, 3.0, 5.3, 6.61, 318.49, 90.26, 21.35, '&server=all&skill=pro&ladder=all', '2018-12-14']
巫医[54.2169, 83, 265.05, 303.13, 1.82, 3.69, 7.34, 9.7, 297.43, 78.29, 15.05, '&server=all&skill=pro&ladder=all', '2018-12-14']
暗影萨满[55.6604, 318, 309.04, 360.78, 1.84, 3.29, 7.95, 11.37, 299.21, 3.72, 86.09, '&server=all&skill=pro&ladder=all', '2018-12-14']
工程师[56.8966, 58, 385.34, 409.03, 1.85, 6.29, 7.5, 7.57, 616.38, 0.62, 19.76, '&server=all&skill=pro&ladder=all', '2018-12-14']
k
5.0
米波[60.0858, 233, 622.26, 656.47, 2.77, 10.65, 5.66, 5.03, 653.36, 0.23, 260.58, '&server=all&skill=pro&ladder=all', '2018-12-14']
育母蜘蛛[62.5, 48, 581.15, 634.92, 3.63, 10.25, 4.19, 4.94, 598.46, 0.0, 194.59, '&server=all&skill=pro&ladder=all', '2018-12-14']
哈斯卡[58.0986, 284, 504.05, 554.12, 2.34, 10.1, 7.21, 6.79, 789.81, 0.07, 201.44, '&server=all&skill=pro&ladder=all', '2018-12-14']
风暴之灵[40.367, 109, 484.13, 581.77, 2.82, 9.55, 6.34, 8.36, 693.73, 0.85, 33.05, '&server=all&skill=pro&ladder=all', '2018-12-14']
克林克兹[58.5366, 41, 408.63, 467.46, 3.06, 9.41, 5.32, 6.83, 692.17, 0.35, 145.49, '&server=all&skill=pro&ladder=all', '2018-12-14']
殁境神蚀者[55.9783, 184, 524.25, 579.24, 3.65, 9.13, 4.47, 7.18, 685.04, 0.25, 58.74, '&server=all&skill=pro&ladder=all', '2018-12-14']
幻影刺客[49.7436, 585, 520.97, 558.52, 3.25, 8.99, 5.16, 7.77, 632.66, 2.64, 90.44, '&server=all&skill=pro&ladder=all', '2018-12-14']
莉娜[51.2048, 166, 504.28, 555.83, 3.06, 8.99, 5.34, 7.33, 626.37, 1.82, 101.42, '&server=all&skill=pro&ladder=all', '2018-12-14']
变体精灵[49.2611, 203, 520.77, 541.77, 2.99, 8.87, 4.93, 5.83, 588.54, 2.68, 155.21, '&server=all&skill=pro&ladder=all', '2018-12-14']
齐天大圣[48.9933, 298, 480.36, 510.17, 2.74, 8.85, 6.11, 7.92, 638.15, 0.29, 81.86, '&server=all&skill=pro&ladder=all', '2018-12-14']
----------------
陈[46.6667, 45, 231.18, 237.8, 1.52, 1.4, 7.27, 9.62, 117.36, 63.94, 32.68, '&server=all&skill=pro&ladder=all', '2018-12-14']
艾欧[52.1739, 69, 255.71, 392.57, 2.73, 2.01, 5.78, 13.75, 239.08, 290.39, 15.49, '&server=all&skill=pro&ladder=all', '2018-12-14']
树精卫士[41.0256, 39, 230.85, 282.15, 2.1, 2.26, 5.44, 9.15, 210.47, 84.55, 19.53, '&server=all&skill=pro&ladder=all', '2018-12-14']
光之守卫[47.5177, 141, 307.62, 360.95, 2.56, 2.33, 5.66, 12.17, 332.63, 7.55, 10.16, '&server=all&skill=pro&ladder=all', '2018-12-14']
食人魔魔法师[47.1223, 278, 288.04, 345.43, 1.99, 2.68, 7.67, 12.6, 326.91, 7.25, 9.64, '&server=all&skill=pro&ladder=all', '2018-12-14']
d
5.0
暗影萨满[55.6604, 318, 309.04, 360.78, 1.84, 3.29, 7.95, 11.37, 299.21, 3.72, 86.09, '&server=all&skill=pro&ladder=all', '2018-12-14']
莱恩[47.216, 449, 281.88, 358.1, 1.86, 4.1, 7.94, 10.68, 285.88, 3.56, 11.29, '&server=all&skill=pro&ladder=all', '2018-12-14']
水晶室女[48.9362, 94, 302.55, 367.73, 2.02, 3.51, 7.9, 12.43, 386.07, 0.33, 9.61, '&server=all&skill=pro&ladder=all', '2018-12-14']
干扰者[55.6818, 88, 278.86, 347.03, 2.48, 3.64, 7.69, 15.45, 382.9, 3.91, 8.03, '&server=all&skill=pro&ladder=all', '2018-12-14']
巫妖[45.8647, 532, 265.55, 325.94, 2.27, 3.88, 7.67, 13.51, 379.87, 7.45, 9.52, '&server=all&skill=pro&ladder=all', '2018-12-14']
食人魔魔法师[47.1223, 278, 288.04, 345.43, 1.99, 2.68, 7.67, 12.6, 326.91, 7.25, 9.64, '&server=all&skill=pro&ladder=all', '2018-12-14']
帕吉[49.3827, 324, 311.9, 400.98, 2.22, 5.69, 7.62, 11.23, 399.76, 5.83, 10.51, '&server=all&skill=pro&ladder=all', '2018-12-14']
复仇之魂[50.6849, 73, 296.14, 362.95, 2.34, 3.4, 7.6, 14.4, 309.94, 13.51, 35.51, '&server=all&skill=pro&ladder=all', '2018-12-14']
钢背兽[36.6337, 101, 374.87, 439.07, 1.88, 4.77, 7.5, 9.32, 668.75, 3.63, 31.21, '&server=all&skill=pro&ladder=all', '2018-12-14']
工程师[56.8966, 58, 385.34, 409.03, 1.85, 6.29, 7.5, 7.57, 616.38, 0.62, 19.76, '&server=all&skill=pro&ladder=all', '2018-12-14']
----------------
德鲁伊[52.2523, 111, 480.0, 479.59, 4.36, 5.44, 2.68, 6.26, 493.28, 1.17, 208.07, '&server=all&skill=pro&ladder=all', '2018-12-14']
娜迦海妖[48.5714, 35, 558.66, 538.97, 4.75, 6.26, 2.89, 7.46, 476.52, 0.0, 121.55, '&server=all&skill=pro&ladder=all', '2018-12-14']
敌法师[51.6923, 325, 597.98, 620.99, 3.36, 7.16, 3.77, 5.5, 466.22, 1.63, 143.36, '&server=all&skill=pro&ladder=all', '2018-12-14']
美杜莎[47.1545, 123, 534.12, 551.03, 2.98, 5.07, 3.79, 6.21, 583.68, 0.91, 143.57, '&server=all&skill=pro&ladder=all', '2018-12-14']
噬魂鬼[50.0, 58, 449.43, 475.88, 3.47, 6.0, 3.83, 7.29, 470.19, 35.43, 85.48, '&server=all&skill=pro&ladder=all', '2018-12-14']
a
10.0
大地之灵[58.7302, 63, 308.03, 387.7, 3.2, 4.87, 6.57, 16.14, 400.25, 11.64, 12.42, '&server=all&skill=pro&ladder=all', '2018-12-14']
裂魂人[48.0, 175, 272.77, 364.54, 2.74, 3.85, 7.17, 15.82, 325.47, 7.96, 10.49, '&server=all&skill=pro&ladder=all', '2018-12-14']
干扰者[55.6818, 88, 278.86, 347.03, 2.48, 3.64, 7.69, 15.45, 382.9, 3.91, 8.03, '&server=all&skill=pro&ladder=all', '2018-12-14']
巨牙海民[55.4572, 339, 302.43, 366.01, 2.79, 4.18, 6.76, 14.71, 347.65, 12.91, 13.78, '&server=all&skill=pro&ladder=all', '2018-12-14']
不朽尸王[48.125, 320, 273.46, 327.35, 2.56, 3.7, 7.13, 14.55, 297.79, 52.89, 9.86, '&server=all&skill=pro&ladder=all', '2018-12-14']
蝙蝠骑士[57.7778, 45, 362.31, 407.87, 3.56, 5.62, 5.64, 14.49, 433.24, 3.03, 13.13, '&server=all&skill=pro&ladder=all', '2018-12-14']
复仇之魂[50.6849, 73, 296.14, 362.95, 2.34, 3.4, 7.6, 14.4, 309.94, 13.51, 35.51, '&server=all&skill=pro&ladder=all', '2018-12-14']
天涯墨客[51.6949, 472, 328.02, 364.74, 2.77, 4.27, 6.63, 14.1, 381.27, 9.93, 11.43, '&server=all&skill=pro&ladder=all', '2018-12-14']
宙斯[47.7612, 134, 397.46, 512.28, 3.3, 7.84, 6.59, 13.93, 901.2, 3.11, 12.64, '&server=all&skill=pro&ladder=all', '2018-12-14']
艾欧[52.1739, 69, 255.71, 392.57, 2.73, 2.01, 5.78, 13.75, 239.08, 290.39, 15.49, '&server=all&skill=pro&ladder=all', '2018-12-14']
----------------
育母蜘蛛[62.5, 48, 581.15, 634.92, 3.63, 10.25, 4.19, 4.94, 598.46, 0.0, 194.59, '&server=all&skill=pro&ladder=all', '2018-12-14']
米波[60.0858, 233, 622.26, 656.47, 2.77, 10.65, 5.66, 5.03, 653.36, 0.23, 260.58, '&server=all&skill=pro&ladder=all', '2018-12-14']
死亡先知[29.1667, 24, 371.38, 386.21, 1.88, 4.71, 5.21, 5.08, 445.68, 0.1, 69.33, '&server=all&skill=pro&ladder=all', '2018-12-14']
敌法师[51.6923, 325, 597.98, 620.99, 3.36, 7.16, 3.77, 5.5, 466.22, 1.63, 143.36, '&server=all&skill=pro&ladder=all', '2018-12-14']
变体精灵[49.2611, 203, 520.77, 541.77, 2.99, 8.87, 4.93, 5.83, 588.54, 2.68, 155.21, '&server=all&skill=pro&ladder=all', '2018-12-14']
dmg
485.0
修补匠[43.1694, 183, 472.68, 533.39, 2.79, 7.45, 5.97, 9.22, 932.27, 3.57, 2.44, '&server=all&skill=pro&ladder=all', '2018-12-14']
宙斯[47.7612, 134, 397.46, 512.28, 3.3, 7.84, 6.59, 13.93, 901.2, 3.11, 12.64, '&server=all&skill=pro&ladder=all', '2018-12-14']
哈斯卡[58.0986, 284, 504.05, 554.12, 2.34, 10.1, 7.21, 6.79, 789.81, 0.07, 201.44, '&server=all&skill=pro&ladder=all', '2018-12-14']
帕格纳[49.1228, 171, 458.58, 492.12, 3.12, 7.63, 5.85, 10.63, 753.14, 11.12, 161.75, '&server=all&skill=pro&ladder=all', '2018-12-14']
伐木机[55.5556, 135, 465.79, 568.42, 3.44, 7.68, 4.59, 8.13, 711.6, 0.76, 44.05, '&server=all&skill=pro&ladder=all', '2018-12-14']
矮人直升机[51.6129, 62, 504.79, 466.37, 3.28, 7.53, 4.89, 8.48, 699.15, 0.98, 133.82, '&server=all&skill=pro&ladder=all', '2018-12-14']
风暴之灵[40.367, 109, 484.13, 581.77, 2.82, 9.55, 6.34, 8.36, 693.73, 0.85, 33.05, '&server=all&skill=pro&ladder=all', '2018-12-14']
剧毒术士[56.8182, 44, 476.0, 454.98, 2.84, 6.32, 6.61, 12.48, 693.52, 2.73, 82.45, '&server=all&skill=pro&ladder=all', '2018-12-14']
克林克兹[58.5366, 41, 408.63, 467.46, 3.06, 9.41, 5.32, 6.83, 692.17, 0.35, 145.49, '&server=all&skill=pro&ladder=all', '2018-12-14']
殁境神蚀者[55.9783, 184, 524.25, 579.24, 3.65, 9.13, 4.47, 7.18, 685.04, 0.25, 58.74, '&server=all&skill=pro&ladder=all', '2018-12-14']
----------------
陈[46.6667, 45, 231.18, 237.8, 1.52, 1.4, 7.27, 9.62, 117.36, 63.94, 32.68, '&server=all&skill=pro&ladder=all', '2018-12-14']
树精卫士[41.0256, 39, 230.85, 282.15, 2.1, 2.26, 5.44, 9.15, 210.47, 84.55, 19.53, '&server=all&skill=pro&ladder=all', '2018-12-14']
艾欧[52.1739, 69, 255.71, 392.57, 2.73, 2.01, 5.78, 13.75, 239.08, 290.39, 15.49, '&server=all&skill=pro&ladder=all', '2018-12-14']
祸乱之源[56.4706, 170, 250.44, 328.48, 2.16, 2.99, 6.63, 11.3, 269.87, 4.41, 10.48, '&server=all&skill=pro&ladder=all', '2018-12-14']
暗影恶魔[45.0, 60, 273.75, 378.3, 2.21, 3.28, 6.97, 12.08, 275.38, 11.43, 15.06, '&server=all&skill=pro&ladder=all', '2018-12-14']
treat
17.0
艾欧[52.1739, 69, 255.71, 392.57, 2.73, 2.01, 5.78, 13.75, 239.08, 290.39, 15.49, '&server=all&skill=pro&ladder=all', '2018-12-14']
戴泽[56.9444, 432, 325.38, 370.86, 2.38, 3.87, 6.68, 11.99, 367.11, 165.59, 44.86, '&server=all&skill=pro&ladder=all', '2018-12-14']
神谕者[46.0317, 126, 272.42, 351.2, 2.81, 4.47, 6.17, 12.88, 307.49, 146.37, 12.02, '&server=all&skill=pro&ladder=all', '2018-12-14']
主宰[52.4457, 368, 548.89, 562.21, 3.74, 8.05, 4.19, 7.62, 585.64, 133.45, 149.29, '&server=all&skill=pro&ladder=all', '2018-12-14']
术士[44.6809, 47, 271.94, 356.79, 2.26, 3.17, 6.64, 11.81, 398.45, 112.47, 21.78, '&server=all&skill=pro&ladder=all', '2018-12-14']
瘟疫法师[49.0909, 110, 408.02, 455.4, 2.49, 6.65, 6.14, 8.65, 573.97, 103.28, 43.7, '&server=all&skill=pro&ladder=all', '2018-12-14']
全能骑士[26.087, 23, 351.52, 344.39, 1.81, 3.0, 5.3, 6.61, 318.49, 90.26, 21.35, '&server=all&skill=pro&ladder=all', '2018-12-14']
树精卫士[41.0256, 39, 230.85, 282.15, 2.1, 2.26, 5.44, 9.15, 210.47, 84.55, 19.53, '&server=all&skill=pro&ladder=all', '2018-12-14']
巫医[54.2169, 83, 265.05, 303.13, 1.82, 3.69, 7.34, 9.7, 297.43, 78.29, 15.05, '&server=all&skill=pro&ladder=all', '2018-12-14']
陈[46.6667, 45, 231.18, 237.8, 1.52, 1.4, 7.27, 9.62, 117.36, 63.94, 32.68, '&server=all&skill=pro&ladder=all', '2018-12-14']
----------------
育母蜘蛛[62.5, 48, 581.15, 634.92, 3.63, 10.25, 4.19, 4.94, 598.46, 0.0, 194.59, '&server=all&skill=pro&ladder=all', '2018-12-14']
幽鬼[33.3333, 51, 451.06, 507.71, 3.48, 6.61, 5.43, 12.27, 591.77, 0.0, 41.85, '&server=all&skill=pro&ladder=all', '2018-12-14']
娜迦海妖[48.5714, 35, 558.66, 538.97, 4.75, 6.26, 2.89, 7.46, 476.52, 0.0, 121.55, '&server=all&skill=pro&ladder=all', '2018-12-14']
斯拉克[54.0741, 405, 482.36, 539.5, 2.89, 8.79, 5.61, 7.46, 539.81, 0.02, 105.96, '&server=all&skill=pro&ladder=all', '2018-12-14']
天穹守望者[46.6667, 30, 499.6, 473.0, 2.87, 4.53, 4.0, 6.93, 596.13, 0.06, 85.18, '&server=all&skill=pro&ladder=all', '2018-12-14']
arc
67.0
狼人[45.4545, 33, 490.27, 474.21, 3.03, 5.79, 4.73, 8.55, 463.26, 5.22, 270.58, '&server=all&skill=pro&ladder=all', '2018-12-14']
米波[60.0858, 233, 622.26, 656.47, 2.77, 10.65, 5.66, 5.03, 653.36, 0.23, 260.58, '&server=all&skill=pro&ladder=all', '2018-12-14']
恐怖利刃[56.7227, 238, 606.58, 541.95, 3.25, 6.74, 4.19, 6.9, 551.06, 0.35, 242.26, '&server=all&skill=pro&ladder=all', '2018-12-14']
维萨吉[64.5833, 48, 424.33, 474.77, 3.77, 6.9, 4.44, 9.85, 447.75, 3.79, 214.39, '&server=all&skill=pro&ladder=all', '2018-12-14']
德鲁伊[52.2523, 111, 480.0, 479.59, 4.36, 5.44, 2.68, 6.26, 493.28, 1.17, 208.07, '&server=all&skill=pro&ladder=all', '2018-12-14']
哈斯卡[58.0986, 284, 504.05, 554.12, 2.34, 10.1, 7.21, 6.79, 789.81, 0.07, 201.44, '&server=all&skill=pro&ladder=all', '2018-12-14']
育母蜘蛛[62.5, 48, 581.15, 634.92, 3.63, 10.25, 4.19, 4.94, 598.46, 0.0, 194.59, '&server=all&skill=pro&ladder=all', '2018-12-14']
露娜[51.0204, 98, 542.4, 536.27, 2.77, 6.98, 5.47, 8.15, 550.02, 0.47, 187.2, '&server=all&skill=pro&ladder=all', '2018-12-14']
巨魔战将[35.1648, 91, 487.91, 505.22, 2.3, 7.24, 6.15, 6.91, 566.85, 7.27, 165.32, '&server=all&skill=pro&ladder=all', '2018-12-14']
帕格纳[49.1228, 171, 458.58, 492.12, 3.12, 7.63, 5.85, 10.63, 753.14, 11.12, 161.75, '&server=all&skill=pro&ladder=all', '2018-12-14']
----------------
修补匠[43.1694, 183, 472.68, 533.39, 2.79, 7.45, 5.97, 9.22, 932.27, 3.57, 2.44, '&server=all&skill=pro&ladder=all', '2018-12-14']
寒冬飞龙[43.4211, 152, 292.98, 335.75, 1.93, 2.76, 6.75, 10.3, 322.28, 58.15, 6.57, '&server=all&skill=pro&ladder=all', '2018-12-14']
干扰者[55.6818, 88, 278.86, 347.03, 2.48, 3.64, 7.69, 15.45, 382.9, 3.91, 8.03, '&server=all&skill=pro&ladder=all', '2018-12-14']
巫妖[45.8647, 532, 265.55, 325.94, 2.27, 3.88, 7.67, 13.51, 379.87, 7.45, 9.52, '&server=all&skill=pro&ladder=all', '2018-12-14']
水晶室女[48.9362, 94, 302.55, 367.73, 2.02, 3.51, 7.9, 12.43, 386.07, 0.33, 9.61, '&server=all&skill=pro&ladder=all', '2018-12-14']
@@@@@@@@@@@@@@@@@@@@@@@@@@@@@@@@@@@@@@@@@@@@@@@@@@@@@@@@@@@@@@@@@@@@@@@@@@@@@@@@@@@@@@@@@@@@@@@@@@@@@@@@@@@
@@@@@@@@@@@@@@@@@@@@@@@@@@@@@@@@@@@@@@@@@@@@@@@@@@@@@@@@@@@@@@@@@@@@@@@@@@@@@@@@@@@@@@@@@@@@@@@@@@@@@@@@@@@
@@@@@@@@@@@@@@@@@@@@@@@@@@@@@@@@@@@@@@@@@@@@@@@@@@@@@@@@@@@@@@@@@@@@@@@@@@@@@@@@@@@@@@@@@@@@@@@@@@@@@@@@@@@
天梯上分推荐------------------------------
('主宰', [53.593, 1092732, 547.39, 617.7, 3.21, 9.37, 5.82, 9.3, 625.23, 119.37, 139.58, '&server=all&skill=all&ladder=all', '2018-12-14'])
('斯拉克', [53.5205, 1060498, 481.85, 596.84, 2.83, 10.51, 7.09, 9.56, 572.66, 0.19, 105.6, '&server=all&skill=all&ladder=all', '2018-12-14'])
('帕吉', [52.844, 1843832, 352.13, 497.09, 2.44, 7.42, 9.11, 14.86, 469.82, 4.59, 15.83, '&server=all&skill=all&ladder=all', '2018-12-14'])
('幻影刺客', [51.7754, 1664288, 516.68, 607.68, 2.85, 10.47, 7.06, 9.68, 675.54, 2.8, 86.7, '&server=all&skill=all&ladder=all', '2018-12-14'])
('莱恩', [50.4498, 1584634, 322.87, 441.8, 2.03, 6.65, 9.27, 12.12, 351.73, 1.61, 14.6, '&server=all&skill=all&ladder=all', '2018-12-14'])
天梯高分局上分推荐------------------------------
('主宰', [54.2554, 114971, 591.72, 632.66, 3.87, 9.46, 4.74, 8.85, 654.77, 156.13, 185.64, '&server=all&skill=vh&ladder=all', '2018-12-14'])
('戴泽', [53.0539, 127278, 349.18, 425.53, 2.34, 4.59, 8.0, 14.16, 381.89, 179.77, 43.38, '&server=all&skill=vh&ladder=all', '2018-12-14'])
('幻影刺客', [51.5249, 189394, 563.26, 623.95, 3.28, 10.66, 6.01, 9.04, 730.22, 1.9, 114.96, '&server=all&skill=vh&ladder=all', '2018-12-14'])
('斯拉克', [51.2672, 117662, 512.39, 599.65, 3.11, 9.93, 6.09, 9.02, 584.07, 0.17, 126.9, '&server=all&skill=vh&ladder=all', '2018-12-14'])
('帕吉', [50.8042, 164758, 339.18, 479.73, 2.3, 6.42, 9.13, 14.56, 442.17, 6.1, 14.99, '&server=all&skill=vh&ladder=all', '2018-12-14'])
